Default schedule
Rate	71.43
Prior Change	14.29
Tree Move	14.29
Rate Tried	% Accepted	Prior Change Tried	% Accepted	Tree Move Tried	% Accepted	Rates - Dev	Rates - Tried	Rates - Accepted	Sample Ave Acceptance	Total Ave Acceptance	
723	0.253112	146	0.246575	131	0.664122	2.639904	723	0.253112	0.306000	0.298518	
716	0.184358	143	0.293706	141	0.716312	2.639904	716	0.184358	0.275000	0.296559	
723	0.345781	135	0.303704	142	0.619718	2.102489	723	0.345781	0.379000	0.302900	
698	0.308023	154	0.331169	148	0.614865	2.102489	698	0.308023	0.357000	0.306764	
704	0.285511	150	0.393333	146	0.630137	2.102489	704	0.285511	0.352000	0.309779	
703	0.327169	152	0.289474	145	0.689655	2.102489	703	0.327169	0.374000	0.313793	
734	0.307902	125	0.352000	141	0.553191	2.102489	734	0.307902	0.348000	0.315805	
704	0.299716	147	0.285714	149	0.711409	2.102489	704	0.299716	0.359000	0.318205	
708	0.305085	134	0.291045	158	0.588608	2.102489	708	0.305085	0.348000	0.319773	
715	0.317483	147	0.353741	138	0.666667	2.102489	715	0.317483	0.371000	0.322334	
701	0.295292	147	0.231293	152	0.565789	2.102489	701	0.295292	0.327000	0.322556	
718	0.311978	144	0.298611	138	0.681159	2.102489	718	0.311978	0.361000	0.324303	
699	0.283262	154	0.331169	147	0.639456	2.102489	699	0.283262	0.343000	0.325116	
747	0.307898	117	0.341880	136	0.683824	2.102489	747	0.307898	0.363000	0.326695	
759	0.296443	129	0.302326	112	0.660714	2.102489	759	0.296443	0.338000	0.327147	
717	0.270572	154	0.253247	129	0.581395	2.102489	717	0.270572	0.308000	0.326411	
714	0.313725	133	0.330827	153	0.679739	2.102489	714	0.313725	0.372000	0.328099	
705	0.282270	154	0.188312	141	0.702128	2.102489	705	0.282270	0.327000	0.328060	
739	0.292287	126	0.301587	135	0.718519	2.102489	739	0.292287	0.351000	0.328851	
755	0.271523	139	0.244604	106	0.688679	2.102489	755	0.271523	0.312000	0.328289	
713	0.297335	144	0.291667	143	0.692308	2.102489	713	0.297335	0.353000	0.329086	
698	0.269341	147	0.244898	155	0.554839	2.102489	698	0.269341	0.310000	0.328490	
739	0.350474	130	0.323077	131	0.656489	2.102489	739	0.350474	0.387000	0.330263	
736	0.307065	122	0.336066	142	0.626761	2.102489	736	0.307065	0.356000	0.331020	
678	0.331858	168	0.255952	154	0.727273	2.102489	678	0.331858	0.380000	0.332419	
729	0.292181	144	0.270833	127	0.669291	2.102489	729	0.292181	0.337000	0.332546	
735	0.325170	137	0.372263	128	0.718750	2.102489	735	0.325170	0.382000	0.333883	
712	0.304775	160	0.350000	128	0.500000	2.102489	712	0.304775	0.337000	0.333965	
734	0.268392	140	0.328571	126	0.682540	2.102489	734	0.268392	0.329000	0.333838	
731	0.288646	141	0.226950	128	0.664062	2.102489	731	0.288646	0.328000	0.333692	
720	0.320833	137	0.328467	143	0.545455	2.102489	720	0.320833	0.354000	0.334187	
713	0.288920	145	0.241379	142	0.654930	2.102489	713	0.288920	0.334000	0.334183	
728	0.314560	152	0.289474	120	0.716667	2.102489	728	0.314560	0.359000	0.334760	
694	0.334294	140	0.221429	166	0.626506	2.102489	694	0.334294	0.367000	0.335492	
711	0.303797	143	0.314685	146	0.575342	2.102489	711	0.303797	0.345000	0.335704	
721	0.321775	157	0.331210	122	0.672131	2.102489	721	0.321775	0.366000	0.336362	
704	0.289773	160	0.300000	136	0.661765	2.102489	704	0.289773	0.342000	0.336482	
719	0.290682	152	0.276316	129	0.604651	2.102489	719	0.290682	0.329000	0.336326	
709	0.306065	136	0.205882	155	0.703226	2.102489	709	0.306065	0.354000	0.336687	
725	0.321379	146	0.205479	129	0.596899	2.102489	725	0.321379	0.340000	0.336753	
721	0.298197	130	0.384615	149	0.697987	2.102489	721	0.298197	0.369000	0.337386	
705	0.312057	124	0.282258	171	0.713450	2.102489	705	0.312057	0.377000	0.338147	
714	0.292717	135	0.325926	151	0.668874	2.102489	714	0.292717	0.354000	0.338446	
718	0.310585	147	0.231293	135	0.644444	2.102489	718	0.310585	0.344000	0.338549	
729	0.336077	146	0.356164	125	0.696000	2.102489	729	0.336077	0.384000	0.339376	
702	0.294872	160	0.256250	138	0.608696	2.102489	702	0.294872	0.332000	0.339244	
692	0.312139	152	0.263158	156	0.634615	2.102489	692	0.312139	0.355000	0.339520	
696	0.261494	151	0.264901	153	0.627451	2.102489	696	0.261494	0.318000	0.339149	
705	0.307801	147	0.224490	148	0.648649	2.102489	705	0.307801	0.346000	0.339265	
703	0.294452	152	0.263158	145	0.696552	2.102489	703	0.294452	0.348000	0.339411	
708	0.324859	147	0.224490	145	0.744828	2.102489	708	0.324859	0.371000	0.339929	
682	0.322581	174	0.287356	144	0.659722	2.102489	682	0.322581	0.365000	0.340333	
729	0.337449	140	0.321429	131	0.610687	2.102489	729	0.337449	0.371000	0.340820	
715	0.314685	148	0.317568	137	0.766423	2.102489	715	0.314685	0.377000	0.341385	
728	0.340659	137	0.277372	135	0.777778	2.102489	728	0.340659	0.391000	0.342149	
725	0.300690	135	0.251852	140	0.592857	2.102489	725	0.300690	0.335000	0.342040	
697	0.302726	152	0.289474	151	0.549669	2.102489	697	0.302726	0.338000	0.341980	
733	0.331514	133	0.278195	134	0.611940	2.102489	733	0.331514	0.362000	0.342274	
695	0.305036	140	0.278571	165	0.709091	2.102489	695	0.305036	0.368000	0.342647	
731	0.314637	140	0.264286	129	0.643411	2.102489	731	0.314637	0.350000	0.342752	
697	0.261119	155	0.290323	148	0.655405	2.102489	697	0.261119	0.324000	0.342488	
735	0.334694	135	0.229630	130	0.669231	2.102489	735	0.334694	0.364000	0.342787	
706	0.338527	151	0.218543	143	0.650350	2.102489	706	0.338527	0.365000	0.343091	
713	0.353436	136	0.294118	151	0.688742	2.102489	713	0.353436	0.396000	0.343806	
705	0.286525	168	0.321429	127	0.574803	2.102489	705	0.286525	0.329000	0.343609	
705	0.319149	151	0.311258	144	0.743056	2.102489	705	0.319149	0.379000	0.344074	
705	0.299291	157	0.248408	138	0.637681	2.102489	705	0.299291	0.338000	0.343996	
724	0.279006	132	0.287879	144	0.597222	2.102489	724	0.279006	0.326000	0.343765	
702	0.279202	161	0.248447	137	0.671533	2.102489	702	0.279202	0.328000	0.343565	
716	0.321229	150	0.273333	134	0.723881	2.102489	716	0.321229	0.368000	0.343871	
719	0.293463	143	0.244755	138	0.601449	2.102489	719	0.293463	0.329000	0.343687	
685	0.318248	154	0.350649	161	0.652174	2.102489	685	0.318248	0.377000	0.344093	
728	0.293956	149	0.315436	123	0.691057	2.102489	728	0.293956	0.346000	0.344116	
721	0.288488	144	0.215278	135	0.718519	2.102489	721	0.288488	0.336000	0.344020	
706	0.324363	144	0.333333	150	0.640000	2.102489	706	0.324363	0.373000	0.344361	
724	0.337017	142	0.260563	134	0.626866	2.102489	724	0.337017	0.365000	0.344601	
709	0.325811	153	0.320261	138	0.666667	2.102489	709	0.325811	0.372000	0.344916	
720	0.340278	146	0.246575	134	0.507463	2.102489	720	0.340278	0.349000	0.344962	
708	0.341808	161	0.316770	131	0.664122	2.102489	708	0.341808	0.380000	0.345356	
722	0.349030	142	0.281690	136	0.654412	2.102489	722	0.349030	0.381000	0.345752	
691	0.315485	145	0.358621	164	0.756098	2.102489	691	0.315485	0.394000	0.346282	
717	0.337517	150	0.273333	133	0.691729	2.102489	717	0.337517	0.375000	0.346594	
681	0.290749	162	0.296296	157	0.662420	2.102489	681	0.290749	0.350000	0.346631	
724	0.295580	153	0.241830	123	0.642276	2.102489	724	0.295580	0.330000	0.346454	
712	0.332865	139	0.359712	149	0.610738	2.102489	712	0.332865	0.378000	0.346786	
697	0.276901	157	0.292994	146	0.746575	2.102489	697	0.276901	0.348000	0.346798	
705	0.341844	142	0.225352	153	0.575163	2.102489	705	0.341844	0.361000	0.346945	
709	0.328632	152	0.289474	139	0.568345	2.102489	709	0.328632	0.356000	0.347037	
716	0.324022	124	0.314516	160	0.675000	2.102489	716	0.324022	0.379000	0.347360	
716	0.318436	139	0.244604	145	0.593103	2.102489	716	0.318436	0.348000	0.347367	
693	0.336219	171	0.269006	136	0.647059	2.102489	693	0.336219	0.367000	0.347561	
725	0.311724	138	0.275362	137	0.605839	2.102489	725	0.311724	0.347000	0.347555	
693	0.291486	139	0.273381	168	0.654762	2.102489	693	0.291486	0.350000	0.347579	
711	0.284107	115	0.260870	174	0.724138	2.102489	711	0.284107	0.358000	0.347679	
724	0.321823	136	0.213235	140	0.664286	2.102489	724	0.321823	0.355000	0.347749	
707	0.347949	153	0.254902	140	0.757143	2.102489	707	0.347949	0.391000	0.348157	
713	0.319776	143	0.237762	144	0.673611	2.102489	713	0.319776	0.359000	0.348258	
705	0.275177	151	0.245033	144	0.625000	2.102489	705	0.275177	0.321000	0.348006	
695	0.326619	156	0.275641	149	0.624161	2.102489	695	0.326619	0.363000	0.348144	
693	0.308802	143	0.321678	164	0.591463	2.102489	693	0.308802	0.357000	0.348224	
712	0.342697	128	0.359375	160	0.768750	2.102489	712	0.342697	0.413000	0.348808	
699	0.294707	149	0.335570	152	0.618421	2.102489	699	0.294707	0.350000	0.348818	
706	0.310198	146	0.342466	148	0.709459	2.102489	706	0.310198	0.374000	0.349041	
709	0.296192	142	0.316901	149	0.637584	2.102489	709	0.296192	0.350000	0.349050	
716	0.287709	157	0.229299	127	0.614173	2.102489	716	0.287709	0.320000	0.348797	
694	0.322767	156	0.243590	150	0.706667	2.102489	694	0.322767	0.368000	0.348963	
728	0.326923	146	0.328767	126	0.515873	2.102489	728	0.326923	0.351000	0.348980	
701	0.259629	152	0.355263	147	0.632653	2.102489	701	0.259629	0.329000	0.348811	
731	0.320109	132	0.325758	137	0.664234	2.102489	731	0.320109	0.368000	0.348972	
719	0.326843	123	0.154472	158	0.639241	2.102489	719	0.326843	0.355000	0.349022	
711	0.317862	143	0.265734	146	0.712329	2.102489	711	0.317862	0.368000	0.349179	
728	0.315934	132	0.295455	140	0.614286	2.102489	728	0.315934	0.355000	0.349227	
725	0.315862	137	0.284672	138	0.681159	2.102489	725	0.315862	0.362000	0.349330	
705	0.275177	142	0.302817	153	0.718954	2.102489	705	0.275177	0.347000	0.349312	
707	0.318246	141	0.319149	152	0.717105	2.102489	707	0.318246	0.379000	0.349549	
725	0.304828	126	0.357143	149	0.651007	2.102489	725	0.304828	0.363000	0.349656	
712	0.352528	142	0.253521	146	0.616438	2.102489	712	0.352528	0.377000	0.349871	
729	0.278464	128	0.257812	143	0.580420	2.102489	729	0.278464	0.319000	0.349630	
700	0.282857	137	0.299270	163	0.754601	2.102489	700	0.282857	0.362000	0.349726	
699	0.313305	150	0.266667	151	0.629139	2.102489	699	0.313305	0.354000	0.349759	
714	0.295518	146	0.280822	140	0.650000	2.102489	714	0.295518	0.343000	0.349707	
699	0.317597	157	0.273885	144	0.708333	2.102489	699	0.317597	0.367000	0.349838	
724	0.281768	149	0.348993	127	0.629921	2.102489	724	0.281768	0.336000	0.349734	
703	0.308677	153	0.235294	144	0.722222	2.102489	703	0.308677	0.357000	0.349788	
697	0.281205	149	0.308725	154	0.610390	2.102489	697	0.281205	0.336000	0.349686	
716	0.336592	148	0.337838	136	0.595588	2.102489	716	0.336592	0.372000	0.349850	
710	0.300000	128	0.281250	162	0.617284	2.102489	710	0.300000	0.349000	0.349844	
718	0.310585	151	0.278146	131	0.580153	2.102489	718	0.310585	0.341000	0.349780	
709	0.287729	152	0.243421	139	0.553957	2.102489	709	0.287729	0.318000	0.349551	
722	0.318560	153	0.333333	125	0.688000	2.102489	722	0.318560	0.367000	0.349676	
709	0.327221	143	0.258741	148	0.675676	2.102489	709	0.327221	0.369000	0.349813	
712	0.307584	156	0.275641	132	0.704545	2.102489	712	0.307584	0.355000	0.349850	
719	0.301808	145	0.282759	136	0.669118	2.102489	719	0.301808	0.349000	0.349844	
695	0.287770	142	0.260563	163	0.613497	2.102489	695	0.287770	0.337000	0.349755	
716	0.314246	126	0.285714	158	0.740506	2.102489	716	0.314246	0.378000	0.349949	
724	0.335635	136	0.308824	140	0.628571	2.102489	724	0.335635	0.373000	0.350107	
701	0.265335	144	0.277778	155	0.658065	2.102489	701	0.265335	0.328000	0.349957	
702	0.297721	145	0.289655	153	0.666667	2.102489	702	0.297721	0.353000	0.349977	
708	0.302260	157	0.318471	135	0.622222	2.102489	708	0.302260	0.348000	0.349964	
721	0.332871	140	0.264286	139	0.633094	2.102489	721	0.332871	0.365000	0.350064	
719	0.290682	129	0.263566	152	0.625000	2.102489	719	0.290682	0.338000	0.349984	
721	0.300971	146	0.294521	133	0.721805	2.102489	721	0.300971	0.356000	0.350024	
707	0.312588	143	0.314685	150	0.606667	2.102489	707	0.312588	0.357000	0.350070	
729	0.315501	133	0.353383	138	0.608696	2.102489	729	0.315501	0.361000	0.350141	
710	0.345070	155	0.270968	135	0.577778	2.102489	710	0.345070	0.365000	0.350236	
732	0.341530	140	0.300000	128	0.617188	2.102489	732	0.341530	0.371000	0.350370	
718	0.331476	137	0.233577	145	0.613793	2.102489	718	0.331476	0.359000	0.350425	
698	0.330946	158	0.303797	144	0.708333	2.102489	698	0.330946	0.381000	0.350618	
698	0.300860	155	0.309677	147	0.646259	2.102489	698	0.300860	0.353000	0.350633	
724	0.309392	144	0.305556	132	0.507576	2.102489	724	0.309392	0.335000	0.350535	
713	0.353436	147	0.306122	140	0.714286	2.102489	713	0.353436	0.397000	0.350824	
710	0.312676	150	0.233333	140	0.714286	2.102489	710	0.312676	0.357000	0.350862	
704	0.340909	151	0.245033	145	0.703448	2.102489	704	0.340909	0.379000	0.351035	
699	0.286123	144	0.326389	157	0.643312	2.102489	699	0.286123	0.348000	0.351016	
730	0.328767	136	0.205882	134	0.716418	2.102489	730	0.328767	0.364000	0.351095	
712	0.355337	140	0.307143	148	0.594595	2.102489	712	0.355337	0.384000	0.351293	
713	0.326788	146	0.301370	141	0.595745	2.102489	713	0.326788	0.361000	0.351351	
702	0.344729	138	0.297101	160	0.575000	2.102489	702	0.344729	0.375000	0.351492	
712	0.308989	146	0.287671	142	0.669014	2.102489	712	0.308989	0.357000	0.351525	
707	0.294201	141	0.375887	152	0.631579	2.102489	707	0.294201	0.357000	0.351557	
692	0.325145	158	0.253165	150	0.680000	2.102489	692	0.325145	0.367000	0.351647	
710	0.347887	141	0.262411	149	0.637584	2.102489	710	0.347887	0.379000	0.351806	
725	0.318621	131	0.236641	144	0.597222	2.102489	725	0.318621	0.348000	0.351784	
695	0.306475	160	0.306250	145	0.600000	2.102489	695	0.306475	0.349000	0.351768	
703	0.301565	155	0.322581	142	0.647887	2.102489	703	0.301565	0.354000	0.351781	
712	0.344101	148	0.182432	140	0.507143	2.102489	712	0.344101	0.343000	0.351731	
709	0.301834	164	0.304878	127	0.724409	2.102489	709	0.301834	0.356000	0.351755	
715	0.335664	152	0.236842	133	0.654135	2.102489	715	0.335664	0.363000	0.351818	
734	0.275204	129	0.333333	137	0.474453	2.102489	734	0.275204	0.310000	0.351585	
735	0.296599	131	0.305344	134	0.604478	2.102489	735	0.296599	0.339000	0.351515	
694	0.299712	158	0.259494	148	0.675676	2.102489	694	0.299712	0.349000	0.351501	
728	0.328297	134	0.335821	138	0.637681	2.102489	728	0.328297	0.372000	0.351613	
694	0.252161	151	0.278146	155	0.632258	2.102489	694	0.252161	0.315000	0.351413	
704	0.298295	151	0.311258	145	0.675862	2.102489	704	0.298295	0.355000	0.351433	
719	0.349096	139	0.237410	142	0.640845	2.102489	719	0.349096	0.375000	0.351560	
719	0.300417	145	0.324138	136	0.654412	2.102489	719	0.300417	0.352000	0.351563	
704	0.301136	168	0.267857	128	0.570312	2.102489	704	0.301136	0.330000	0.351447	
722	0.300554	134	0.283582	144	0.604167	2.102489	722	0.300554	0.342000	0.351397	
715	0.324476	156	0.314103	129	0.651163	2.102489	715	0.324476	0.365000	0.351469	
738	0.348238	139	0.359712	123	0.577236	2.102489	738	0.348238	0.378000	0.351609	
735	0.289796	136	0.367647	129	0.627907	2.102489	735	0.289796	0.344000	0.351569	
720	0.326389	134	0.320896	146	0.595890	2.102489	720	0.326389	0.365000	0.351639	
716	0.340782	154	0.305195	130	0.707692	2.102489	716	0.340782	0.383000	0.351801	
694	0.324207	151	0.331126	155	0.670968	2.102489	694	0.324207	0.379000	0.351941	
681	0.311307	171	0.251462	148	0.675676	2.102489	681	0.311307	0.355000	0.351957	
686	0.291545	170	0.258824	144	0.666667	2.102489	686	0.291545	0.340000	0.351896	
697	0.321377	155	0.225806	148	0.722973	2.102489	697	0.321377	0.366000	0.351968	
717	0.284519	135	0.266667	148	0.641892	2.102489	717	0.284519	0.335000	0.351882	
723	0.289073	131	0.290076	146	0.643836	2.102489	723	0.289073	0.341000	0.351827	
690	0.333333	148	0.337838	162	0.629630	2.102489	690	0.333333	0.382000	0.351978	
723	0.319502	125	0.328000	152	0.677632	2.102489	723	0.319502	0.375000	0.352093	
716	0.335196	115	0.365217	169	0.721893	2.102489	716	0.335196	0.404000	0.352350	
690	0.350725	166	0.259036	144	0.736111	2.102489	690	0.350725	0.391000	0.352540	
706	0.287535	147	0.204082	147	0.625850	2.102489	706	0.287535	0.325000	0.352405	
731	0.321477	132	0.340909	137	0.576642	2.102489	731	0.321477	0.359000	0.352437	
722	0.313019	141	0.333333	137	0.642336	2.102489	722	0.313019	0.361000	0.352479	
718	0.291086	131	0.213740	151	0.688742	2.102489	718	0.291086	0.341000	0.352423	
711	0.351617	137	0.277372	152	0.730263	2.102489	711	0.351617	0.399000	0.352647	
718	0.321727	133	0.278195	149	0.664430	2.102489	718	0.321727	0.367000	0.352716	
696	0.369253	140	0.242857	164	0.628049	2.102489	696	0.369253	0.394000	0.352913	
731	0.306430	129	0.341085	140	0.707143	2.102489	731	0.306430	0.367000	0.352979	
706	0.332861	140	0.185714	154	0.707792	2.102489	706	0.332861	0.370000	0.353060	
694	0.347262	141	0.319149	165	0.593939	2.102489	694	0.347262	0.384000	0.353205	
689	0.328012	153	0.254902	158	0.677215	2.102489	689	0.328012	0.372000	0.353293	
710	0.298592	161	0.304348	129	0.705426	2.102489	710	0.298592	0.352000	0.353287	
716	0.296089	138	0.340580	146	0.547945	2.102489	716	0.296089	0.339000	0.353221	
724	0.378453	137	0.277372	139	0.625899	2.102489	724	0.378453	0.399000	0.353432	
694	0.291066	146	0.369863	160	0.625000	2.102489	694	0.291066	0.356000	0.353443	
681	0.317181	166	0.277108	153	0.686275	2.102489	681	0.317181	0.367000	0.353505	
708	0.262712	148	0.317568	144	0.583333	2.102489	708	0.262712	0.317000	0.353339	
700	0.330000	162	0.327160	138	0.717391	2.102489	700	0.330000	0.383000	0.353474	
689	0.338171	167	0.269461	144	0.756944	2.102489	689	0.338171	0.387000	0.353625	
714	0.303922	148	0.304054	138	0.630435	2.102489	714	0.303922	0.349000	0.353604	
728	0.337912	137	0.262774	135	0.674074	2.102489	728	0.337912	0.373000	0.353690	
739	0.300406	130	0.284615	131	0.709924	2.102489	739	0.300406	0.352000	0.353683	
740	0.294595	134	0.313433	126	0.603175	2.102489	740	0.294595	0.336000	0.353605	
716	0.303073	141	0.361702	143	0.580420	2.102489	716	0.303073	0.351000	0.353593	
721	0.320388	149	0.315436	130	0.600000	2.102489	721	0.320388	0.356000	0.353604	
695	0.323741	145	0.193103	160	0.712500	2.102489	695	0.323741	0.367000	0.353662	
716	0.305866	143	0.230769	141	0.624113	2.102489	716	0.305866	0.340000	0.353603	
718	0.366295	127	0.307087	155	0.774194	2.102489	718	0.366295	0.422000	0.353899	
699	0.281831	163	0.312883	138	0.579710	2.102489	699	0.281831	0.328000	0.353787	
723	0.313970	122	0.286885	155	0.580645	2.102489	723	0.313970	0.352000	0.353780	
699	0.336195	160	0.331250	141	0.588652	2.102489	699	0.336195	0.371000	0.353853	
727	0.281981	130	0.246154	143	0.573427	2.102489	727	0.281981	0.319000	0.353705	
701	0.315264	166	0.379518	133	0.781955	2.102489	701	0.315264	0.388000	0.353850	
715	0.320280	145	0.296552	140	0.621429	2.102489	715	0.320280	0.359000	0.353872	
734	0.275204	148	0.229730	118	0.644068	2.102489	734	0.275204	0.312000	0.353696	
738	0.299458	142	0.316901	120	0.658333	2.102489	738	0.299458	0.345000	0.353660	
678	0.334808	165	0.248485	157	0.649682	2.102489	678	0.334808	0.370000	0.353728	
718	0.344011	150	0.273333	132	0.666667	2.102489	718	0.344011	0.376000	0.353820	
710	0.298592	138	0.268116	152	0.664474	2.102489	710	0.298592	0.350000	0.353804	
720	0.297222	145	0.268966	135	0.622222	2.102489	720	0.297222	0.337000	0.353735	
744	0.322581	121	0.239669	135	0.622222	2.102489	744	0.322581	0.353000	0.353732	
692	0.328035	145	0.275862	163	0.638037	2.102489	692	0.328035	0.371000	0.353803	
714	0.310924	143	0.293706	143	0.657343	2.102489	714	0.310924	0.358000	0.353820	
711	0.302391	142	0.352113	147	0.653061	2.102489	711	0.302391	0.361000	0.353849	
712	0.348315	151	0.231788	137	0.751825	2.102489	712	0.348315	0.386000	0.353978	
709	0.304654	143	0.272727	148	0.581081	2.102489	709	0.304654	0.341000	0.353926	
688	0.347384	157	0.312102	155	0.645161	2.102489	688	0.347384	0.388000	0.354063	
694	0.296830	163	0.312883	143	0.755245	2.102489	694	0.296830	0.365000	0.354106	
711	0.300985	144	0.284722	145	0.675862	2.102489	711	0.300985	0.353000	0.354102	
742	0.239892	127	0.401575	131	0.564885	2.102489	742	0.239892	0.303000	0.353900	
706	0.280453	150	0.273333	144	0.541667	2.102489	706	0.280453	0.317000	0.353755	
738	0.287263	132	0.325758	130	0.646154	2.102489	738	0.287263	0.339000	0.353697	
698	0.332378	151	0.238411	151	0.688742	2.102489	698	0.332378	0.372000	0.353768	
703	0.351351	161	0.248447	136	0.647059	2.102489	703	0.351351	0.375000	0.353851	
731	0.274966	130	0.323077	139	0.748201	2.102489	731	0.274966	0.347000	0.353824	
710	0.300000	137	0.270073	153	0.679739	2.102489	710	0.300000	0.354000	0.353825	
707	0.311174	164	0.268293	129	0.627907	2.102489	707	0.311174	0.345000	0.353791	
707	0.301273	151	0.225166	142	0.619718	2.102489	707	0.301273	0.335000	0.353719	
704	0.321023	153	0.176471	143	0.559441	2.102489	704	0.321023	0.333000	0.353640	
698	0.297994	161	0.322981	141	0.673759	2.102489	698	0.297994	0.355000	0.353645	
732	0.303279	133	0.308271	135	0.644444	2.102489	732	0.303279	0.350000	0.353631	
730	0.313699	138	0.246377	132	0.734848	2.102489	730	0.313699	0.360000	0.353655	
726	0.353994	128	0.226562	146	0.630137	2.102489	726	0.353994	0.378000	0.353747	
690	0.305797	155	0.264516	155	0.593548	2.102489	690	0.305797	0.344000	0.353710	
705	0.319149	155	0.193548	140	0.664286	2.102489	705	0.319149	0.348000	0.353689	
682	0.294721	156	0.288462	162	0.648148	2.102489	682	0.294721	0.351000	0.353679	
710	0.323944	135	0.259259	155	0.554839	2.102489	710	0.323944	0.351000	0.353669	
715	0.307692	146	0.356164	139	0.553957	2.102489	715	0.307692	0.349000	0.353652	
709	0.328632	152	0.296053	139	0.640288	2.102489	709	0.328632	0.367000	0.353701	
712	0.310393	148	0.358108	140	0.650000	2.102489	712	0.310393	0.365000	0.353742	
707	0.319661	138	0.282609	155	0.496774	2.102489	707	0.319661	0.342000	0.353699	
718	0.338440	148	0.344595	134	0.723881	2.102489	718	0.338440	0.391000	0.353835	
729	0.314129	142	0.359155	129	0.759690	2.102489	729	0.314129	0.378000	0.353923	
718	0.305014	140	0.307143	142	0.626761	2.102489	718	0.305014	0.351000	0.353912	
726	0.307163	140	0.285714	134	0.634328	2.102489	726	0.307163	0.348000	0.353891	
726	0.304408	123	0.260163	151	0.642384	2.102489	726	0.304408	0.350000	0.353877	
700	0.324286	145	0.255172	155	0.625806	2.102489	700	0.324286	0.361000	0.353902	
703	0.290185	153	0.202614	144	0.680556	2.102489	703	0.290185	0.333000	0.353828	
713	0.304348	140	0.342857	147	0.714286	2.102489	713	0.304348	0.370000	0.353885	
722	0.335180	125	0.248000	153	0.575163	2.102489	722	0.335180	0.361000	0.353910	
714	0.291317	142	0.380282	144	0.652778	2.102489	714	0.291317	0.356000	0.353918	
705	0.312057	158	0.221519	137	0.635036	2.102489	705	0.312057	0.342000	0.353876	
712	0.308989	147	0.292517	141	0.602837	2.102489	712	0.308989	0.348000	0.353855	
732	0.363388	140	0.264286	128	0.718750	2.102489	732	0.363388	0.395000	0.353999	
687	0.330422	147	0.306122	166	0.572289	2.102489	687	0.330422	0.367000	0.354044	
712	0.308989	147	0.258503	141	0.673759	2.102489	712	0.308989	0.353000	0.354040	
724	0.309392	137	0.284672	139	0.719424	2.102489	724	0.309392	0.363000	0.354071	
712	0.301966	147	0.299320	141	0.680851	2.102489	712	0.301966	0.355000	0.354074	
680	0.300000	161	0.279503	159	0.578616	2.102489	680	0.300000	0.341000	0.354030	
698	0.332378	135	0.266667	167	0.652695	2.102489	698	0.332378	0.377000	0.354108	
714	0.294118	140	0.328571	146	0.458904	2.102489	714	0.294118	0.323000	0.354002	
717	0.364017	141	0.283688	142	0.640845	2.102489	717	0.364017	0.392000	0.354131	
764	0.297120	101	0.277228	135	0.681481	2.102489	764	0.297120	0.347000	0.354107	
725	0.320000	151	0.251656	124	0.741935	2.102489	725	0.320000	0.362000	0.354133	
720	0.312500	142	0.330986	138	0.695652	2.102489	720	0.312500	0.368000	0.354180	
699	0.301860	149	0.234899	152	0.559211	2.102489	699	0.301860	0.331000	0.354102	
688	0.311047	157	0.343949	155	0.722581	2.102489	688	0.311047	0.380000	0.354189	
749	0.312417	135	0.340741	116	0.637931	2.102489	749	0.312417	0.354000	0.354188	
713	0.288920	139	0.244604	148	0.675676	2.102489	713	0.288920	0.340000	0.354141	
694	0.308357	138	0.289855	168	0.696429	2.102489	694	0.308357	0.371000	0.354197	
706	0.314448	138	0.333333	156	0.621795	2.102489	706	0.314448	0.365000	0.354232	
708	0.293785	148	0.195946	144	0.680556	2.102489	708	0.293785	0.335000	0.354169	
713	0.308555	145	0.282759	142	0.612676	2.102489	713	0.308555	0.348000	0.354149	
711	0.319269	134	0.313433	155	0.677419	2.102489	711	0.319269	0.374000	0.354214	
739	0.301759	137	0.211679	124	0.604839	2.102489	739	0.301759	0.327000	0.354125	
735	0.310204	129	0.147287	136	0.595588	2.102489	735	0.310204	0.328000	0.354041	
710	0.330986	146	0.219178	144	0.645833	2.102489	710	0.330986	0.360000	0.354060	
725	0.293793	126	0.238095	149	0.604027	2.102489	725	0.293793	0.333000	0.353992	
727	0.299862	135	0.318519	138	0.594203	2.102489	727	0.299862	0.343000	0.353957	
706	0.348442	159	0.389937	135	0.637037	2.102489	706	0.348442	0.394000	0.354085	
691	0.348770	154	0.311688	155	0.716129	2.102489	691	0.348770	0.400000	0.354231	
712	0.308989	155	0.367742	133	0.609023	2.102489	712	0.308989	0.358000	0.354243	
723	0.316736	149	0.234899	128	0.664062	2.102489	723	0.316736	0.349000	0.354227	
709	0.293371	139	0.359712	152	0.677632	2.102489	709	0.293371	0.361000	0.354248	
710	0.259155	161	0.385093	129	0.651163	2.102489	710	0.259155	0.330000	0.354172	
698	0.308023	161	0.285714	141	0.673759	2.102489	698	0.308023	0.356000	0.354178	
738	0.311653	129	0.271318	133	0.676692	2.102489	738	0.311653	0.355000	0.354180	
731	0.306430	137	0.233577	132	0.712121	2.102489	731	0.306430	0.350000	0.354167	
729	0.305898	144	0.298611	127	0.653543	2.102489	729	0.305898	0.349000	0.354151	
737	0.359566	133	0.278195	130	0.738462	2.102489	737	0.359566	0.398000	0.354287	
728	0.299451	130	0.330769	142	0.633803	2.102489	728	0.299451	0.351000	0.354277	
715	0.282517	140	0.371429	145	0.689655	2.102489	715	0.282517	0.354000	0.354276	
708	0.286723	135	0.348148	157	0.630573	2.102489	708	0.286723	0.349000	0.354260	
713	0.304348	120	0.316667	167	0.634731	2.102489	713	0.304348	0.361000	0.354280	
683	0.291362	153	0.287582	164	0.676829	2.102489	683	0.291362	0.354000	0.354279	
699	0.316166	135	0.281481	166	0.716867	2.102489	699	0.316166	0.378000	0.354352	
719	0.336579	146	0.315068	135	0.600000	2.102489	719	0.336579	0.369000	0.354396	
736	0.346467	120	0.208333	144	0.673611	2.102489	736	0.346467	0.377000	0.354464	
717	0.316597	129	0.279070	154	0.571429	2.102489	717	0.316597	0.351000	0.354454	
757	0.301189	118	0.279661	125	0.568000	2.102489	757	0.301189	0.332000	0.354386	
728	0.311813	122	0.180328	150	0.726667	2.102489	728	0.311813	0.358000	0.354397	
731	0.311902	140	0.271429	129	0.705426	2.102489	731	0.311902	0.357000	0.354405	
728	0.309066	136	0.205882	136	0.602941	2.102489	728	0.309066	0.335000	0.354347	
703	0.318634	144	0.333333	153	0.686275	2.102489	703	0.318634	0.377000	0.354414	
708	0.295198	144	0.354167	148	0.628378	2.102489	708	0.295198	0.353000	0.354410	
738	0.323848	138	0.195652	124	0.540323	2.102489	738	0.323848	0.333000	0.354347	
741	0.286100	136	0.316176	123	0.536585	2.102489	741	0.286100	0.321000	0.354249	
723	0.311203	151	0.304636	126	0.571429	2.102489	723	0.311203	0.343000	0.354216	
720	0.284722	136	0.345588	144	0.645833	2.102489	720	0.284722	0.345000	0.354189	
735	0.293878	135	0.259259	130	0.630769	2.102489	735	0.293878	0.333000	0.354127	
698	0.300860	156	0.269231	146	0.678082	2.102489	698	0.300860	0.351000	0.354118	
693	0.313131	148	0.304054	159	0.572327	2.102489	693	0.313131	0.353000	0.354115	
715	0.355245	141	0.304965	144	0.715278	2.102489	715	0.355245	0.400000	0.354248	
711	0.302391	148	0.277027	141	0.588652	2.102489	711	0.302391	0.339000	0.354204	
686	0.306122	154	0.292208	160	0.637500	2.102489	686	0.306122	0.357000	0.354212	
701	0.323823	154	0.305195	145	0.600000	2.102489	701	0.323823	0.361000	0.354231	
700	0.318571	156	0.243590	144	0.687500	2.102489	700	0.318571	0.360000	0.354248	
720	0.318056	152	0.282895	128	0.578125	2.102489	720	0.318056	0.346000	0.354224	
727	0.287483	120	0.241667	153	0.594771	2.102489	727	0.287483	0.329000	0.354152	
731	0.307798	114	0.307018	155	0.729032	2.102489	731	0.307798	0.373000	0.354206	
689	0.256894	141	0.290780	170	0.635294	2.102489	689	0.256894	0.326000	0.354126	
690	0.320290	162	0.228395	148	0.614865	2.102489	690	0.320290	0.349000	0.354112	
708	0.337571	151	0.304636	141	0.553191	2.102489	708	0.337571	0.363000	0.354137	
708	0.329096	140	0.350000	152	0.717105	2.102489	708	0.329096	0.391000	0.354240	
700	0.315714	140	0.378571	160	0.643750	2.102489	700	0.315714	0.377000	0.354303	
713	0.253857	150	0.220000	137	0.605839	2.102489	713	0.253857	0.297000	0.354144	
706	0.308782	143	0.230769	151	0.721854	2.102489	706	0.308782	0.360000	0.354160	
689	0.316401	148	0.243243	163	0.705521	2.102489	689	0.316401	0.369000	0.354201	
699	0.324750	147	0.340136	154	0.662338	2.102489	699	0.324750	0.379000	0.354270	
725	0.332414	128	0.312500	147	0.510204	2.102489	725	0.332414	0.356000	0.354275	
715	0.296503	138	0.333333	147	0.482993	2.102489	715	0.296503	0.329000	0.354205	
730	0.336986	140	0.221429	130	0.784615	2.102489	730	0.336986	0.379000	0.354273	
680	0.320588	173	0.248555	147	0.659864	2.102489	680	0.320588	0.358000	0.354283	
734	0.303815	128	0.289062	138	0.652174	2.102489	734	0.303815	0.350000	0.354272	
704	0.330966	143	0.223776	153	0.647059	2.102489	704	0.330966	0.364000	0.354298	
713	0.307153	151	0.384106	136	0.610294	2.102489	713	0.307153	0.360000	0.354313	
730	0.290411	137	0.306569	133	0.556391	2.102489	730	0.290411	0.328000	0.354242	
724	0.319061	148	0.283784	128	0.765625	2.102489	724	0.319061	0.371000	0.354287	
710	0.283099	149	0.268456	141	0.638298	2.102489	710	0.283099	0.331000	0.354225	
723	0.305671	141	0.248227	136	0.705882	2.102489	723	0.305671	0.352000	0.354219	
702	0.344729	156	0.262821	142	0.711268	2.102489	702	0.344729	0.384000	0.354299	
700	0.308571	152	0.302632	148	0.554054	2.102489	700	0.308571	0.344000	0.354271	
707	0.318246	140	0.242857	153	0.673203	2.102489	707	0.318246	0.362000	0.354292	
718	0.303621	128	0.281250	154	0.681818	2.102489	718	0.303621	0.359000	0.354304	
725	0.303448	129	0.364341	146	0.575342	2.102489	725	0.303448	0.351000	0.354295	
731	0.318741	128	0.304688	141	0.680851	2.102489	731	0.318741	0.368000	0.354332	
706	0.301700	136	0.213235	158	0.582278	2.102489	706	0.301700	0.334000	0.354278	
739	0.305819	128	0.250000	133	0.706767	2.102489	739	0.305819	0.352000	0.354272	
716	0.325419	145	0.337931	139	0.690647	2.102489	716	0.325419	0.378000	0.354334	
720	0.309722	148	0.277027	132	0.674242	2.102489	720	0.309722	0.353000	0.354331	
729	0.359396	137	0.306569	134	0.723881	2.102489	729	0.359396	0.401000	0.354452	
707	0.352192	148	0.304054	145	0.648276	2.102489	707	0.352192	0.388000	0.354539	
720	0.284722	143	0.321678	137	0.751825	2.102489	720	0.284722	0.354000	0.354538	
702	0.273504	129	0.317829	169	0.698225	2.102489	702	0.273504	0.351000	0.354529	
717	0.291492	142	0.345070	141	0.602837	2.102489	717	0.291492	0.343000	0.354499	
737	0.306649	137	0.364964	126	0.626984	2.102489	737	0.306649	0.355000	0.354500	
702	0.331909	143	0.244755	155	0.683871	2.102489	702	0.331909	0.374000	0.354550	
715	0.292308	138	0.311594	147	0.680272	2.102489	715	0.292308	0.352000	0.354544	
722	0.318560	144	0.243056	134	0.656716	2.102489	722	0.318560	0.353000	0.354540	
737	0.295794	142	0.169014	121	0.702479	2.102489	737	0.295794	0.327000	0.354470	
719	0.290682	141	0.312057	140	0.650000	2.102489	719	0.290682	0.344000	0.354443	
729	0.299040	143	0.244755	128	0.617188	2.102489	729	0.299040	0.332000	0.354386	
734	0.271117	138	0.289855	128	0.617188	2.102489	734	0.271117	0.318000	0.354295	
697	0.265423	151	0.331126	152	0.631579	2.102489	697	0.265423	0.331000	0.354236	
721	0.256588	142	0.225352	137	0.510949	2.102489	721	0.256588	0.287000	0.354067	
743	0.348587	126	0.301587	131	0.534351	2.102489	743	0.348587	0.367000	0.354099	
732	0.327869	145	0.310345	123	0.650407	2.102489	732	0.327869	0.365000	0.354127	
721	0.294036	151	0.331126	128	0.687500	2.102489	721	0.294036	0.350000	0.354116	
728	0.333791	135	0.118519	137	0.773723	2.102489	728	0.333791	0.365000	0.354143	
727	0.277854	136	0.191176	137	0.671533	2.102489	727	0.277854	0.320000	0.354059	
736	0.354620	136	0.264706	128	0.632812	2.102489	736	0.354620	0.378000	0.354118	
725	0.335172	128	0.226562	147	0.741497	2.102489	725	0.335172	0.381000	0.354184	
712	0.272472	156	0.378205	132	0.553030	2.102489	712	0.272472	0.326000	0.354115	
683	0.323572	173	0.208092	144	0.611111	2.102489	683	0.323572	0.345000	0.354092	
717	0.283124	142	0.267606	141	0.687943	2.102489	717	0.283124	0.338000	0.354053	
737	0.308005	143	0.195804	120	0.725000	2.102489	737	0.308005	0.342000	0.354024	
670	0.346269	172	0.343023	158	0.721519	2.102489	670	0.346269	0.405000	0.354148	
699	0.353362	151	0.251656	150	0.706667	2.102489	699	0.353362	0.391000	0.354238	
725	0.270345	138	0.318841	137	0.423358	2.102489	725	0.270345	0.298000	0.354101	
698	0.330946	149	0.308725	153	0.614379	2.102489	698	0.330946	0.371000	0.354142	
724	0.320442	150	0.226667	126	0.619048	2.102489	724	0.320442	0.344000	0.354118	
722	0.286704	134	0.268657	144	0.666667	2.102489	722	0.286704	0.339000	0.354081	
710	0.322535	143	0.307692	147	0.687075	2.102489	710	0.322535	0.374000	0.354129	
724	0.287293	137	0.372263	139	0.625899	2.102489	724	0.287293	0.346000	0.354109	
736	0.307065	127	0.244094	137	0.576642	2.102489	736	0.307065	0.336000	0.354066	
722	0.321330	143	0.223776	135	0.674074	2.102489	722	0.321330	0.355000	0.354068	
750	0.282667	132	0.265152	118	0.686441	2.102489	750	0.282667	0.328000	0.354006	
708	0.314972	160	0.262500	132	0.712121	2.102489	708	0.314972	0.359000	0.354018	
686	0.310496	160	0.250000	154	0.753247	2.102489	686	0.310496	0.369000	0.354054	
691	0.283647	149	0.241611	160	0.693750	2.102489	691	0.283647	0.343000	0.354028	
718	0.302228	129	0.240310	153	0.666667	2.102489	718	0.302228	0.350000	0.354018	
711	0.313643	139	0.208633	150	0.666667	2.102489	711	0.313643	0.352000	0.354013	
710	0.304225	135	0.288889	155	0.664516	2.102489	710	0.304225	0.358000	0.354023	
726	0.330579	138	0.217391	136	0.698529	2.102489	726	0.330579	0.365000	0.354048	
730	0.300000	127	0.362205	143	0.755245	2.102489	730	0.300000	0.373000	0.354093	
740	0.322973	133	0.285714	127	0.551181	2.102489	740	0.322973	0.347000	0.354076	
693	0.290043	146	0.253425	161	0.677019	2.102489	693	0.290043	0.347000	0.354060	
697	0.344333	149	0.322148	154	0.603896	2.102489	697	0.344333	0.381000	0.354122	
705	0.293617	150	0.280000	145	0.627586	2.102489	705	0.293617	0.340000	0.354089	
714	0.298319	124	0.233871	162	0.716049	2.102489	714	0.298319	0.358000	0.354098	
728	0.310440	131	0.198473	141	0.673759	2.102489	728	0.310440	0.347000	0.354082	
710	0.304225	142	0.253521	148	0.641892	2.102489	710	0.304225	0.347000	0.354066	
722	0.310249	135	0.348148	143	0.580420	2.102489	722	0.310249	0.354000	0.354066	
703	0.275960	145	0.282759	152	0.703947	2.102489	703	0.275960	0.342000	0.354038	
709	0.297602	157	0.216561	134	0.753731	2.102489	709	0.297602	0.346000	0.354020	
704	0.328125	150	0.260000	146	0.712329	2.102489	704	0.328125	0.374000	0.354065	
728	0.296703	150	0.353333	122	0.524590	2.102489	728	0.296703	0.333000	0.354017	
719	0.331015	142	0.309859	139	0.712230	2.102489	719	0.331015	0.381000	0.354079	
686	0.304665	161	0.322981	153	0.679739	2.102489	686	0.304665	0.365000	0.354103	
706	0.291785	134	0.305970	160	0.668750	2.102489	706	0.291785	0.354000	0.354103	
705	0.300709	143	0.300699	152	0.631579	2.102489	705	0.300709	0.351000	0.354096	
711	0.298172	151	0.377483	138	0.717391	2.102489	711	0.298172	0.368000	0.354127	
719	0.329624	139	0.251799	142	0.669014	2.102489	719	0.329624	0.367000	0.354156	
725	0.328276	146	0.246575	129	0.643411	2.102489	725	0.328276	0.357000	0.354163	
735	0.292517	140	0.257143	125	0.576000	2.102489	735	0.292517	0.323000	0.354093	
722	0.264543	140	0.200000	138	0.717391	2.102489	722	0.264543	0.318000	0.354013	
742	0.330189	120	0.208333	138	0.673913	2.102489	742	0.330189	0.363000	0.354033	
731	0.326949	117	0.290598	152	0.618421	2.102489	731	0.326949	0.367000	0.354061	
702	0.313390	131	0.213740	167	0.652695	2.102489	702	0.313390	0.357000	0.354068	
680	0.305882	164	0.298780	156	0.692308	2.102489	680	0.305882	0.365000	0.354092	
719	0.293463	143	0.279720	138	0.746377	2.102489	719	0.293463	0.354000	0.354092	
702	0.326211	156	0.256410	142	0.746479	2.102489	702	0.326211	0.375000	0.354138	
688	0.332849	173	0.294798	139	0.690647	2.102489	688	0.332849	0.376000	0.354186	
705	0.289362	153	0.254902	142	0.697183	2.102489	705	0.289362	0.342000	0.354159	
731	0.291382	142	0.267606	127	0.708661	2.102489	731	0.291382	0.341000	0.354130	
725	0.271724	143	0.230769	132	0.651515	2.102489	725	0.271724	0.316000	0.354047	
720	0.322222	163	0.245399	117	0.726496	2.102489	720	0.322222	0.357000	0.354054	
722	0.308864	140	0.292857	138	0.724638	2.102489	722	0.308864	0.364000	0.354075	
717	0.317992	149	0.248322	134	0.574627	2.102489	717	0.317992	0.342000	0.354049	
738	0.310298	138	0.282609	124	0.540323	2.102489	738	0.310298	0.335000	0.354008	
706	0.342776	151	0.311258	143	0.699301	2.102489	706	0.342776	0.389000	0.354083	
677	0.288035	161	0.391304	162	0.580247	2.102489	677	0.288035	0.352000	0.354079	
711	0.322082	137	0.270073	152	0.684211	2.102489	711	0.322082	0.370000	0.354113	
700	0.277143	162	0.246914	138	0.630435	2.102489	700	0.277143	0.321000	0.354042	
718	0.314763	137	0.357664	145	0.586207	2.102489	718	0.314763	0.360000	0.354055	
731	0.255814	123	0.308943	146	0.582192	2.102489	731	0.255814	0.310000	0.353961	
701	0.291013	145	0.310345	154	0.571429	2.102489	701	0.291013	0.337000	0.353925	
697	0.318508	145	0.324138	158	0.670886	2.102489	697	0.318508	0.375000	0.353970	
713	0.316971	128	0.335938	159	0.754717	2.102489	713	0.316971	0.389000	0.354044	
738	0.295393	120	0.300000	142	0.697183	2.102489	738	0.295393	0.353000	0.354042	
724	0.296961	132	0.363636	144	0.680556	2.102489	724	0.296961	0.361000	0.354056	
739	0.305819	123	0.243902	138	0.673913	2.102489	739	0.305819	0.349000	0.354046	
692	0.320809	151	0.218543	157	0.662420	2.102489	692	0.320809	0.359000	0.354056	
691	0.279305	157	0.318471	152	0.585526	2.102489	691	0.279305	0.332000	0.354010	
719	0.290682	143	0.223776	138	0.536232	2.102489	719	0.290682	0.315000	0.353928	
684	0.271930	176	0.261364	140	0.721429	2.102489	684	0.271930	0.333000	0.353884	
699	0.309013	155	0.232258	146	0.616438	2.102489	699	0.309013	0.342000	0.353860	
698	0.342407	129	0.217054	173	0.572254	2.102489	698	0.342407	0.366000	0.353885	
693	0.354978	142	0.316901	165	0.624242	2.102489	693	0.354978	0.394000	0.353968	
709	0.325811	151	0.291391	140	0.571429	2.102489	709	0.325811	0.355000	0.353970	
690	0.307246	165	0.260606	145	0.627586	2.102489	690	0.307246	0.346000	0.353954	
698	0.277937	150	0.293333	152	0.631579	2.102489	698	0.277937	0.334000	0.353913	
699	0.336195	148	0.250000	153	0.653595	2.102489	699	0.336195	0.372000	0.353950	
750	0.314667	129	0.294574	121	0.644628	2.102489	750	0.314667	0.352000	0.353946	
718	0.317549	146	0.301370	136	0.610294	2.102489	718	0.317549	0.355000	0.353948	
710	0.316901	157	0.210191	133	0.721805	2.102489	710	0.316901	0.354000	0.353948	
705	0.323404	136	0.220588	159	0.654088	2.102489	705	0.323404	0.362000	0.353965	
737	0.325645	127	0.275591	136	0.595588	2.102489	737	0.325645	0.356000	0.353969	
717	0.341702	125	0.320000	158	0.651899	2.102489	717	0.341702	0.388000	0.354038	
739	0.307172	129	0.317829	132	0.689394	2.102489	739	0.307172	0.359000	0.354048	
735	0.297959	140	0.242857	125	0.712000	2.102489	735	0.297959	0.342000	0.354024	
748	0.344920	122	0.245902	130	0.738462	2.102489	748	0.344920	0.384000	0.354084	
715	0.299301	143	0.272727	142	0.725352	2.102489	715	0.299301	0.356000	0.354088	
719	0.280946	131	0.305344	150	0.633333	2.102489	719	0.280946	0.337000	0.354054	
735	0.308844	131	0.290076	134	0.664179	2.102489	735	0.308844	0.354000	0.354054	
727	0.301238	138	0.304348	135	0.592593	2.102489	727	0.301238	0.341000	0.354027	
703	0.318634	155	0.212903	142	0.598592	2.102489	703	0.318634	0.342000	0.354003	
728	0.329670	141	0.297872	131	0.618321	2.102489	728	0.329670	0.363000	0.354021	
713	0.343619	151	0.350993	136	0.727941	2.102489	713	0.343619	0.397000	0.354107	
713	0.315568	144	0.347222	143	0.720280	2.102489	713	0.315568	0.378000	0.354154	
715	0.330070	140	0.264286	145	0.572414	2.102489	715	0.330070	0.356000	0.354158	
702	0.313390	141	0.290780	157	0.662420	2.102489	702	0.313390	0.365000	0.354179	
723	0.307054	164	0.207317	113	0.716814	2.102489	723	0.307054	0.337000	0.354146	
684	0.369883	152	0.315789	164	0.719512	2.102489	684	0.369883	0.419000	0.354273	
708	0.307910	153	0.235294	139	0.669065	2.102489	708	0.307910	0.347000	0.354259	
710	0.315493	160	0.218750	130	0.615385	2.102489	710	0.315493	0.339000	0.354229	
724	0.309392	142	0.281690	134	0.611940	2.102489	724	0.309392	0.346000	0.354213	
730	0.323288	131	0.312977	139	0.733813	2.102489	730	0.323288	0.379000	0.354262	
735	0.317007	137	0.277372	128	0.632812	2.102489	735	0.317007	0.352000	0.354257	
730	0.321918	137	0.299270	133	0.714286	2.102489	730	0.321918	0.371000	0.354290	
694	0.331412	154	0.285714	152	0.677632	2.102489	694	0.331412	0.377000	0.354334	
733	0.339700	130	0.246154	137	0.627737	2.102489	733	0.339700	0.367000	0.354359	
695	0.309353	166	0.216867	139	0.647482	2.102489	695	0.309353	0.341000	0.354333	
713	0.288920	158	0.284810	129	0.573643	2.102489	713	0.288920	0.325000	0.354276	
734	0.290191	134	0.320896	132	0.500000	2.102489	734	0.290191	0.322000	0.354214	
690	0.314493	165	0.266667	145	0.634483	2.102489	690	0.314493	0.353000	0.354211	
704	0.288352	151	0.291391	145	0.675862	2.102489	704	0.288352	0.345000	0.354194	
728	0.307692	120	0.233333	152	0.585526	2.102489	728	0.307692	0.341000	0.354168	
714	0.330532	130	0.200000	156	0.660256	2.102489	714	0.330532	0.365000	0.354189	
720	0.287500	138	0.376812	142	0.683099	2.102489	720	0.287500	0.356000	0.354192	
722	0.293629	124	0.250000	154	0.818182	2.102489	722	0.293629	0.369000	0.354221	
712	0.320225	146	0.321918	142	0.612676	2.102489	712	0.320225	0.362000	0.354236	
735	0.336054	121	0.264463	144	0.743056	2.102489	735	0.336054	0.386000	0.354296	
724	0.352210	145	0.255172	131	0.725191	2.102489	724	0.352210	0.387000	0.354358	
703	0.302987	154	0.227273	143	0.664336	2.102489	703	0.302987	0.343000	0.354336	
700	0.262857	153	0.235294	147	0.639456	2.102489	700	0.262857	0.314000	0.354260	
700	0.302857	177	0.333333	123	0.682927	2.102489	700	0.302857	0.355000	0.354262	
712	0.318820	144	0.236111	144	0.694444	2.102489	712	0.318820	0.361000	0.354274	
705	0.293617	150	0.253333	145	0.579310	2.102489	705	0.293617	0.329000	0.354227	
714	0.295518	153	0.320261	133	0.669173	2.102489	714	0.295518	0.349000	0.354217	
730	0.308219	137	0.299270	133	0.639098	2.102489	730	0.308219	0.351000	0.354211	
716	0.314246	137	0.291971	147	0.693878	2.102489	716	0.314246	0.367000	0.354235	
709	0.286319	174	0.316092	117	0.641026	2.102489	709	0.286319	0.333000	0.354195	
737	0.314790	129	0.263566	134	0.597015	2.102489	737	0.314790	0.346000	0.354180	
698	0.349570	145	0.262069	157	0.745223	2.102489	698	0.349570	0.399000	0.354263	
704	0.264205	164	0.414634	132	0.613636	2.102489	704	0.264205	0.335000	0.354228	
731	0.302326	136	0.316176	133	0.669173	2.102489	731	0.302326	0.353000	0.354225	
735	0.334694	125	0.248000	140	0.721429	2.102489	735	0.334694	0.378000	0.354269	
701	0.288160	149	0.234899	150	0.693333	2.102489	701	0.288160	0.341000	0.354245	
749	0.303071	117	0.290598	134	0.694030	2.102489	749	0.303071	0.354000	0.354244	
707	0.305516	137	0.189781	156	0.730769	2.102489	707	0.305516	0.356000	0.354248	
719	0.307371	133	0.270677	148	0.729730	2.102489	719	0.307371	0.365000	0.354267	
707	0.299859	156	0.205128	137	0.744526	2.102489	707	0.299859	0.346000	0.354252	
716	0.286313	149	0.302013	135	0.637037	2.102489	716	0.286313	0.336000	0.354219	
708	0.302260	154	0.409091	138	0.666667	2.102489	708	0.302260	0.369000	0.354246	
695	0.335252	164	0.335366	141	0.680851	2.102489	695	0.335252	0.384000	0.354300	
727	0.335626	125	0.384000	148	0.716216	2.102489	727	0.335626	0.398000	0.354379	
706	0.321530	164	0.310976	130	0.515385	2.102489	706	0.321530	0.345000	0.354362	
726	0.283747	133	0.285714	141	0.609929	2.102489	726	0.283747	0.330000	0.354318	
713	0.307153	149	0.281879	138	0.586957	2.102489	713	0.307153	0.342000	0.354296	
723	0.290456	141	0.234043	136	0.647059	2.102489	723	0.290456	0.331000	0.354254	
716	0.344972	127	0.220472	157	0.643312	2.102489	716	0.344972	0.376000	0.354293	
716	0.300279	136	0.323529	148	0.574324	2.102489	716	0.300279	0.344000	0.354275	
677	0.279173	168	0.279762	155	0.593548	2.102489	677	0.279173	0.328000	0.354227	
688	0.297965	164	0.250000	148	0.574324	2.102489	688	0.297965	0.331000	0.354186	
725	0.289655	143	0.314685	132	0.606061	2.102489	725	0.289655	0.335000	0.354151	
713	0.359046	167	0.257485	120	0.708333	2.102489	713	0.359046	0.384000	0.354205	
704	0.348011	145	0.331034	151	0.675497	2.102489	704	0.348011	0.395000	0.354277	
687	0.327511	161	0.316770	152	0.611842	2.102489	687	0.327511	0.369000	0.354304	
727	0.283356	146	0.321918	127	0.755906	2.102489	727	0.283356	0.349000	0.354294	
720	0.309722	126	0.261905	154	0.649351	2.102489	720	0.309722	0.356000	0.354297	
716	0.310056	138	0.253623	146	0.698630	2.102489	716	0.310056	0.359000	0.354306	
690	0.320290	169	0.355030	141	0.659574	2.102489	690	0.320290	0.374000	0.354340	
701	0.303852	155	0.380645	144	0.611111	2.102489	701	0.303852	0.360000	0.354350	
711	0.312236	161	0.341615	128	0.570312	2.102489	711	0.312236	0.350000	0.354343	
695	0.332374	146	0.349315	159	0.540881	2.102489	695	0.332374	0.368000	0.354367	
694	0.302594	152	0.315789	154	0.688312	2.102489	694	0.302594	0.364000	0.354384	
715	0.324476	140	0.250000	145	0.786207	2.102489	715	0.324476	0.381000	0.354430	
721	0.343967	130	0.253846	149	0.610738	2.102489	721	0.343967	0.372000	0.354461	
730	0.336986	123	0.390244	147	0.632653	2.102489	730	0.336986	0.387000	0.354518	
708	0.293785	153	0.254902	139	0.561151	2.102489	708	0.293785	0.325000	0.354466	
731	0.340629	124	0.274194	145	0.689655	2.102489	731	0.340629	0.383000	0.354516	
701	0.293866	154	0.292208	145	0.662069	2.102489	701	0.293866	0.347000	0.354503	
741	0.298246	145	0.255172	114	0.622807	2.102489	741	0.298246	0.329000	0.354459	
705	0.326241	155	0.335484	140	0.707143	2.102489	705	0.326241	0.381000	0.354505	
730	0.275342	133	0.308271	137	0.576642	2.102489	730	0.275342	0.321000	0.354447	
712	0.285112	142	0.359155	146	0.602740	2.102489	712	0.285112	0.342000	0.354425	
724	0.296961	143	0.335664	133	0.548872	2.102489	724	0.296961	0.336000	0.354394	
699	0.316166	140	0.264286	161	0.621118	2.102489	699	0.316166	0.358000	0.354400	
715	0.306294	139	0.287770	146	0.630137	2.102489	715	0.306294	0.351000	0.354394	
699	0.300429	139	0.359712	162	0.666667	2.102489	699	0.300429	0.368000	0.354417	
724	0.330110	155	0.309677	121	0.636364	2.102489	724	0.330110	0.364000	0.354434	
679	0.282769	169	0.254438	152	0.657895	2.102489	679	0.282769	0.335000	0.354400	
697	0.272597	146	0.273973	157	0.719745	2.102489	697	0.272597	0.343000	0.354381	
691	0.345876	153	0.261438	156	0.717949	2.102489	691	0.345876	0.391000	0.354443	
722	0.340720	141	0.255319	137	0.642336	2.102489	722	0.340720	0.370000	0.354470	
709	0.342736	161	0.316770	130	0.607692	2.102489	709	0.342736	0.373000	0.354501	
708	0.319209	154	0.396104	138	0.630435	2.102489	708	0.319209	0.374000	0.354534	
739	0.311231	136	0.286765	125	0.624000	2.102489	739	0.311231	0.347000	0.354521	
689	0.269956	163	0.343558	148	0.628378	2.102489	689	0.269956	0.335000	0.354488	
722	0.326870	136	0.316176	142	0.676056	2.102489	722	0.326870	0.375000	0.354523	
703	0.314367	151	0.324503	146	0.575342	2.102489	703	0.314367	0.354000	0.354522	
692	0.297688	158	0.189873	150	0.693333	2.102489	692	0.297688	0.340000	0.354498	
732	0.370219	145	0.317241	123	0.609756	2.102489	732	0.370219	0.392000	0.354561	
695	0.336691	147	0.272109	158	0.651899	2.102489	695	0.336691	0.377000	0.354598	
692	0.297688	160	0.337500	148	0.594595	2.102489	692	0.297688	0.348000	0.354587	
694	0.311239	157	0.286624	149	0.657718	2.102489	694	0.311239	0.359000	0.354594	
717	0.334728	135	0.385185	148	0.662162	2.102489	717	0.334728	0.390000	0.354653	
704	0.355114	146	0.273973	150	0.726667	2.102489	704	0.355114	0.399000	0.354727	
715	0.295105	144	0.284722	141	0.737589	2.102489	715	0.295105	0.356000	0.354729	
702	0.344729	141	0.269504	157	0.764331	2.102489	702	0.344729	0.400000	0.354804	
719	0.248957	126	0.214286	155	0.696774	2.102489	719	0.248957	0.314000	0.354737	
737	0.316147	147	0.251701	116	0.629310	2.102489	737	0.316147	0.343000	0.354717	
703	0.294452	167	0.287425	130	0.576923	2.102489	703	0.294452	0.330000	0.354677	
724	0.345304	142	0.267606	134	0.708955	2.102489	724	0.345304	0.383000	0.354723	
720	0.297222	135	0.251852	145	0.600000	2.102489	720	0.297222	0.335000	0.354691	
721	0.299584	129	0.341085	150	0.646667	2.102489	721	0.299584	0.357000	0.354695	
694	0.298271	152	0.296053	154	0.603896	2.102489	694	0.298271	0.345000	0.354679	
735	0.302041	141	0.333333	124	0.782258	2.102489	735	0.302041	0.366000	0.354697	
702	0.326211	135	0.281481	163	0.631902	2.102489	702	0.326211	0.370000	0.354722	
733	0.309686	129	0.333333	138	0.731884	2.102489	733	0.309686	0.371000	0.354749	
711	0.274262	144	0.291667	145	0.586207	2.102489	711	0.274262	0.322000	0.354695	
716	0.333799	144	0.305556	140	0.657143	2.102489	716	0.333799	0.375000	0.354728	
717	0.340307	148	0.243243	135	0.651852	2.102489	717	0.340307	0.368000	0.354750	
721	0.288488	154	0.272727	125	0.632000	2.102489	721	0.288488	0.329000	0.354708	
731	0.302326	132	0.333333	137	0.627737	2.102489	731	0.302326	0.351000	0.354702	
739	0.300406	132	0.250000	129	0.620155	2.102489	739	0.300406	0.335000	0.354670	
689	0.310595	166	0.319277	145	0.772414	2.102489	689	0.310595	0.379000	0.354710	
708	0.336158	157	0.318471	135	0.614815	2.102489	708	0.336158	0.371000	0.354736	
710	0.312676	148	0.297297	142	0.626761	2.102489	710	0.312676	0.355000	0.354736	
721	0.339806	132	0.310606	147	0.666667	2.102489	721	0.339806	0.384000	0.354783	
731	0.298222	138	0.369565	131	0.603053	2.102489	731	0.298222	0.348000	0.354772	
690	0.315942	155	0.322581	155	0.625806	2.102489	690	0.315942	0.365000	0.354789	
708	0.302260	140	0.335714	152	0.631579	2.102489	708	0.302260	0.357000	0.354792	
712	0.283708	133	0.308271	155	0.696774	2.102489	712	0.283708	0.351000	0.354786	
707	0.325318	149	0.335570	144	0.652778	2.102489	707	0.325318	0.374000	0.354817	
719	0.324061	139	0.273381	142	0.661972	2.102489	719	0.324061	0.365000	0.354833	
732	0.352459	137	0.255474	131	0.694656	2.102489	732	0.352459	0.384000	0.354879	
708	0.314972	144	0.291667	148	0.675676	2.102489	708	0.314972	0.365000	0.354895	
713	0.263675	130	0.253846	157	0.636943	2.102489	713	0.263675	0.321000	0.354841	
697	0.324247	155	0.258065	148	0.641892	2.102489	697	0.324247	0.361000	0.354851	
713	0.319776	155	0.277419	132	0.689394	2.102489	713	0.319776	0.362000	0.354862	
714	0.336134	127	0.259843	159	0.647799	2.102489	714	0.336134	0.376000	0.354896	
715	0.332867	125	0.328000	160	0.768750	2.102489	715	0.332867	0.402000	0.354970	
691	0.327062	154	0.259740	155	0.722581	2.102489	691	0.327062	0.378000	0.355006	
717	0.269177	134	0.320896	149	0.610738	2.102489	717	0.269177	0.327000	0.354962	
717	0.283124	120	0.391667	163	0.472393	2.102489	717	0.283124	0.327000	0.354918	
688	0.316860	156	0.192308	156	0.724359	2.102489	688	0.316860	0.361000	0.354928	
723	0.273859	144	0.277778	133	0.654135	2.102489	723	0.273859	0.325000	0.354881	
702	0.297721	146	0.280822	152	0.690789	2.102489	702	0.297721	0.355000	0.354881	
722	0.329640	143	0.251748	135	0.614815	2.102489	722	0.329640	0.357000	0.354885	
733	0.290587	136	0.250000	131	0.603053	2.102489	733	0.290587	0.326000	0.354840	
762	0.245407	139	0.273381	99	0.606061	2.102489	762	0.245407	0.285000	0.354732	
703	0.320057	140	0.407143	157	0.592357	2.102489	703	0.320057	0.375000	0.354763	
698	0.319484	156	0.224359	146	0.623288	2.102489	698	0.319484	0.349000	0.354754	
684	0.311404	153	0.281046	163	0.613497	2.102489	684	0.311404	0.356000	0.354756	
717	0.309623	135	0.237037	148	0.743243	2.102489	717	0.309623	0.364000	0.354770	
712	0.324438	144	0.277778	144	0.611111	2.102489	712	0.324438	0.359000	0.354777	
712	0.313202	154	0.305195	134	0.686567	2.102489	712	0.313202	0.362000	0.354788	
710	0.302817	132	0.340909	158	0.696203	2.102489	710	0.302817	0.370000	0.354811	
708	0.307910	144	0.305556	148	0.601351	2.102489	708	0.307910	0.351000	0.354805	
720	0.301389	135	0.266667	145	0.668966	2.102489	720	0.301389	0.350000	0.354798	
705	0.347518	147	0.265306	148	0.635135	2.102489	705	0.347518	0.378000	0.354833	
703	0.308677	142	0.267606	155	0.729032	2.102489	703	0.308677	0.368000	0.354853	
704	0.377841	148	0.256757	148	0.702703	2.102489	704	0.377841	0.408000	0.354934	
718	0.305014	159	0.245283	123	0.723577	2.102489	718	0.305014	0.347000	0.354922	
709	0.344147	154	0.272727	137	0.649635	2.102489	709	0.344147	0.375000	0.354952	
703	0.270270	143	0.244755	154	0.610390	2.102489	703	0.270270	0.319000	0.354898	
747	0.289157	126	0.246032	127	0.622047	2.102489	747	0.289157	0.326000	0.354854	
736	0.341033	136	0.264706	128	0.726562	2.102489	736	0.341033	0.380000	0.354892	
710	0.287324	152	0.328947	138	0.782609	2.102489	710	0.287324	0.362000	0.354903	
732	0.314208	129	0.294574	139	0.582734	2.102489	732	0.314208	0.349000	0.354894	
737	0.303935	128	0.304688	135	0.600000	2.102489	737	0.303935	0.344000	0.354878	
709	0.320169	149	0.248322	142	0.718310	2.102489	709	0.320169	0.366000	0.354895	
735	0.292517	126	0.222222	139	0.741007	2.102489	735	0.292517	0.346000	0.354881	
718	0.303621	125	0.256000	157	0.636943	2.102489	718	0.303621	0.350000	0.354874	
683	0.314788	139	0.251799	178	0.730337	2.102489	683	0.314788	0.380000	0.354911	
734	0.303815	134	0.253731	132	0.712121	2.102489	734	0.303815	0.351000	0.354906	
725	0.304828	125	0.408000	150	0.626667	2.102489	725	0.304828	0.366000	0.354922	
736	0.323370	129	0.310078	135	0.674074	2.102489	736	0.323370	0.369000	0.354943	
686	0.306122	170	0.282353	144	0.652778	2.102489	686	0.306122	0.352000	0.354939	
716	0.312849	137	0.313869	147	0.659864	2.102489	716	0.312849	0.364000	0.354952	
712	0.317416	149	0.322148	139	0.510791	2.102489	712	0.317416	0.345000	0.354937	
682	0.316716	145	0.310345	173	0.624277	2.102489	682	0.316716	0.369000	0.354958	
689	0.332366	145	0.268966	166	0.542169	2.102489	689	0.332366	0.358000	0.354963	
734	0.324251	131	0.335878	135	0.725926	2.102489	734	0.324251	0.380000	0.354999	
730	0.294521	150	0.300000	120	0.708333	2.102489	730	0.294521	0.345000	0.354985	
752	0.299202	123	0.203252	125	0.640000	2.102489	752	0.299202	0.330000	0.354948	
683	0.323572	150	0.306667	167	0.586826	2.102489	683	0.323572	0.365000	0.354963	
728	0.287088	140	0.228571	132	0.606061	2.102489	728	0.287088	0.321000	0.354913	
725	0.280000	140	0.357143	135	0.570370	2.102489	725	0.280000	0.330000	0.354877	
729	0.322359	130	0.292308	141	0.666667	2.102489	729	0.322359	0.367000	0.354894	
722	0.326870	135	0.237037	143	0.671329	2.102489	722	0.326870	0.364000	0.354908	
710	0.298592	140	0.207143	150	0.620000	2.102489	710	0.298592	0.334000	0.354877	
714	0.271709	151	0.238411	135	0.525926	2.102489	714	0.271709	0.301000	0.354799	
708	0.305085	145	0.275862	147	0.693878	2.102489	708	0.305085	0.358000	0.354804	
733	0.335607	133	0.300752	134	0.701493	2.102489	733	0.335607	0.380000	0.354840	
728	0.326923	150	0.306667	122	0.516393	2.102489	728	0.326923	0.347000	0.354829	
720	0.295833	134	0.276119	146	0.753425	2.102489	720	0.295833	0.360000	0.354836	
710	0.326761	157	0.222930	133	0.759398	2.102489	710	0.326761	0.368000	0.354855	
731	0.311902	147	0.340136	122	0.639344	2.102489	731	0.311902	0.356000	0.354857	
734	0.280654	122	0.237705	144	0.722222	2.102489	734	0.280654	0.339000	0.354834	
697	0.288379	153	0.281046	150	0.593333	2.102489	697	0.288379	0.333000	0.354803	
708	0.295198	162	0.271605	130	0.700000	2.102489	708	0.295198	0.344000	0.354787	
699	0.284692	148	0.263514	153	0.653595	2.102489	699	0.284692	0.338000	0.354763	
729	0.301783	132	0.340909	139	0.669065	2.102489	729	0.301783	0.358000	0.354768	
718	0.295265	143	0.258741	139	0.618705	2.102489	718	0.295265	0.335000	0.354739	
709	0.290550	144	0.222222	147	0.666667	2.102489	709	0.290550	0.336000	0.354713	
739	0.293640	112	0.321429	149	0.671141	2.102489	739	0.293640	0.353000	0.354710	
739	0.317997	136	0.264706	125	0.656000	2.102489	739	0.317997	0.353000	0.354708	
731	0.322845	134	0.276119	135	0.629630	2.102489	731	0.322845	0.358000	0.354713	
721	0.307906	146	0.335616	133	0.616541	2.102489	721	0.307906	0.353000	0.354710	
708	0.289548	160	0.337500	132	0.492424	2.102489	708	0.289548	0.324000	0.354667	
673	0.331352	173	0.312139	154	0.649351	2.102489	673	0.331352	0.377000	0.354698	
720	0.343056	144	0.201389	136	0.669118	2.102489	720	0.343056	0.367000	0.354716	
719	0.331015	141	0.304965	140	0.650000	2.102489	719	0.331015	0.372000	0.354740	
721	0.296810	142	0.359155	137	0.700730	2.102489	721	0.296810	0.361000	0.354749	
696	0.291667	151	0.231788	153	0.607843	2.102489	696	0.291667	0.331000	0.354715	
699	0.311874	164	0.317073	137	0.671533	2.102489	699	0.311874	0.362000	0.354726	
732	0.290984	137	0.313869	131	0.557252	2.102489	732	0.290984	0.329000	0.354690	
725	0.333793	141	0.269504	134	0.604478	2.102489	725	0.333793	0.361000	0.354698	
689	0.330914	158	0.367089	153	0.503268	2.102489	689	0.330914	0.363000	0.354710	
707	0.311174	154	0.331169	139	0.532374	2.102489	707	0.311174	0.345000	0.354696	
708	0.285311	148	0.256757	144	0.645833	2.102489	708	0.285311	0.333000	0.354666	
728	0.292582	128	0.382812	144	0.604167	2.102489	728	0.292582	0.349000	0.354658	
690	0.257971	127	0.220472	183	0.513661	2.102489	690	0.257971	0.300000	0.354582	
692	0.312139	162	0.320988	146	0.719178	2.102489	692	0.312139	0.373000	0.354608	
696	0.324713	151	0.245033	153	0.725490	2.102489	696	0.324713	0.374000	0.354635	
720	0.275000	153	0.274510	127	0.700787	2.102489	720	0.275000	0.329000	0.354599	
685	0.296350	158	0.367089	157	0.643312	2.102489	685	0.296350	0.362000	0.354609	
713	0.336606	137	0.270073	150	0.780000	2.102489	713	0.336606	0.394000	0.354664	
708	0.309322	135	0.340741	157	0.592357	2.102489	708	0.309322	0.358000	0.354668	
739	0.317997	143	0.258741	118	0.618644	2.102489	739	0.317997	0.345000	0.354655	
704	0.311080	162	0.283951	134	0.731343	2.102489	704	0.311080	0.363000	0.354667	
726	0.311295	146	0.273973	128	0.687500	2.102489	726	0.311295	0.354000	0.354666	
720	0.300000	156	0.339744	124	0.540323	2.102489	720	0.300000	0.336000	0.354640	
701	0.309558	161	0.360248	138	0.681159	2.102489	701	0.309558	0.369000	0.354660	
716	0.325419	149	0.214765	135	0.644444	2.102489	716	0.325419	0.352000	0.354656	
724	0.290055	142	0.316901	134	0.604478	2.102489	724	0.290055	0.336000	0.354631	
720	0.320833	150	0.266667	130	0.623077	2.102489	720	0.320833	0.352000	0.354627	
694	0.314121	164	0.250000	142	0.725352	2.102489	694	0.314121	0.362000	0.354637	
707	0.366337	152	0.289474	141	0.595745	2.102489	707	0.366337	0.387000	0.354681	
726	0.331956	129	0.310078	145	0.717241	2.102489	726	0.331956	0.385000	0.354722	
728	0.282967	135	0.311111	137	0.686131	2.102489	728	0.282967	0.342000	0.354705	
717	0.299861	135	0.266667	148	0.601351	2.102489	717	0.299861	0.340000	0.354685	
734	0.313351	134	0.298507	132	0.727273	2.102489	734	0.313351	0.366000	0.354700	
712	0.316011	149	0.248322	139	0.647482	2.102489	712	0.316011	0.352000	0.354697	
711	0.281294	129	0.317829	160	0.581250	2.102489	711	0.281294	0.334000	0.354669	
705	0.287943	164	0.384146	131	0.618321	2.102489	705	0.287943	0.347000	0.354659	
718	0.289694	144	0.319444	138	0.652174	2.102489	718	0.289694	0.344000	0.354644	
695	0.320863	185	0.275676	120	0.733333	2.102489	695	0.320863	0.362000	0.354654	
683	0.314788	159	0.314465	158	0.632911	2.102489	683	0.314788	0.365000	0.354668	
722	0.304709	133	0.218045	145	0.641379	2.102489	722	0.304709	0.342000	0.354651	
690	0.297101	162	0.320988	148	0.635135	2.102489	690	0.297101	0.351000	0.354646	
720	0.309722	139	0.309353	141	0.361702	2.102489	720	0.309722	0.317000	0.354596	
704	0.312500	145	0.206897	151	0.708609	2.102489	704	0.312500	0.357000	0.354599	
713	0.291725	128	0.304688	159	0.622642	2.102489	713	0.291725	0.346000	0.354588	
712	0.330056	138	0.340580	150	0.673333	2.102489	712	0.330056	0.383000	0.354625	
694	0.350144	156	0.275641	150	0.726667	2.102489	694	0.350144	0.395000	0.354679	
704	0.311080	144	0.215278	152	0.625000	2.102489	704	0.311080	0.345000	0.354666	
690	0.333333	173	0.329480	137	0.649635	2.102489	690	0.333333	0.376000	0.354694	
720	0.272222	133	0.240602	147	0.673469	2.102489	720	0.272222	0.327000	0.354658	
713	0.270687	146	0.294521	141	0.609929	2.102489	713	0.270687	0.322000	0.354615	
717	0.287308	141	0.255319	142	0.661972	2.102489	717	0.287308	0.336000	0.354590	
700	0.298571	144	0.298611	156	0.602564	2.102489	700	0.298571	0.346000	0.354579	
712	0.287921	140	0.342857	148	0.587838	2.102489	712	0.287921	0.340000	0.354559	
706	0.334278	147	0.258503	147	0.585034	2.102489	706	0.334278	0.360000	0.354567	
725	0.351724	133	0.315789	142	0.697183	2.102489	725	0.351724	0.396000	0.354621	
721	0.334258	147	0.251701	132	0.537879	2.102489	721	0.334258	0.349000	0.354614	
707	0.333805	146	0.198630	147	0.700680	2.102489	707	0.333805	0.368000	0.354631	
722	0.293629	139	0.323741	139	0.582734	2.102489	722	0.293629	0.338000	0.354609	
693	0.314574	151	0.264901	156	0.660256	2.102489	693	0.314574	0.361000	0.354618	
721	0.314840	141	0.269504	138	0.652174	2.102489	721	0.314840	0.355000	0.354618	
708	0.317797	141	0.290780	151	0.668874	2.102489	708	0.317797	0.367000	0.354634	
721	0.337032	135	0.303704	144	0.652778	2.102489	721	0.337032	0.378000	0.354665	
715	0.324476	138	0.260870	147	0.619048	2.102489	715	0.324476	0.359000	0.354671	
712	0.307584	155	0.393548	133	0.624060	2.102489	712	0.307584	0.363000	0.354681	
714	0.301120	149	0.389262	137	0.642336	2.102489	714	0.301120	0.361000	0.354690	
723	0.327801	133	0.255639	144	0.569444	2.102489	723	0.327801	0.353000	0.354687	
745	0.336913	125	0.232000	130	0.584615	2.102489	745	0.336913	0.356000	0.354689	
721	0.316227	147	0.272109	132	0.606061	2.102489	721	0.316227	0.348000	0.354680	
733	0.312415	138	0.289855	129	0.612403	2.102489	733	0.312415	0.348000	0.354672	
721	0.291262	141	0.297872	138	0.543478	2.102489	721	0.291262	0.327000	0.354636	
712	0.290730	150	0.246667	138	0.717391	2.102489	712	0.290730	0.343000	0.354621	
722	0.304709	149	0.208054	129	0.666667	2.102489	722	0.304709	0.337000	0.354599	
699	0.296137	135	0.259259	166	0.686747	2.102489	699	0.296137	0.356000	0.354600	
719	0.287900	145	0.248276	136	0.639706	2.102489	719	0.287900	0.330000	0.354569	
719	0.310153	146	0.301370	135	0.651852	2.102489	719	0.310153	0.355000	0.354569	
710	0.326761	152	0.289474	138	0.586957	2.102489	710	0.326761	0.357000	0.354572	
719	0.301808	135	0.251852	146	0.671233	2.102489	719	0.301808	0.349000	0.354565	
717	0.316597	140	0.157143	143	0.629371	2.102489	717	0.316597	0.339000	0.354545	
717	0.297071	134	0.283582	149	0.637584	2.102489	717	0.297071	0.346000	0.354535	
731	0.287278	131	0.305344	138	0.601449	2.102489	731	0.287278	0.333000	0.354507	
708	0.358757	157	0.261146	135	0.755556	2.102489	708	0.358757	0.397000	0.354561	
723	0.315353	140	0.300000	137	0.547445	2.102489	723	0.315353	0.345000	0.354549	
684	0.353801	165	0.303030	151	0.715232	2.102489	684	0.353801	0.400000	0.354607	
725	0.310345	128	0.265625	147	0.782313	2.102489	725	0.310345	0.374000	0.354631	
733	0.377899	133	0.240602	134	0.746269	2.102489	733	0.377899	0.409000	0.354700	
721	0.313454	149	0.328859	130	0.707692	2.102489	721	0.313454	0.367000	0.354715	
694	0.309798	162	0.370370	144	0.527778	2.102489	694	0.309798	0.351000	0.354711	
724	0.331492	127	0.338583	149	0.664430	2.102489	724	0.331492	0.382000	0.354745	
711	0.323488	149	0.208054	140	0.642857	2.102489	711	0.323488	0.351000	0.354740	
724	0.324586	133	0.270677	143	0.629371	2.102489	724	0.324586	0.361000	0.354748	
709	0.304654	163	0.294479	128	0.632812	2.102489	709	0.304654	0.345000	0.354736	
713	0.297335	153	0.392157	134	0.529851	2.102489	713	0.297335	0.343000	0.354721	
688	0.281977	147	0.340136	165	0.654545	2.102489	688	0.281977	0.352000	0.354718	
731	0.313269	125	0.232000	144	0.694444	2.102489	731	0.313269	0.358000	0.354722	
731	0.343365	118	0.254237	151	0.629139	2.102489	731	0.343365	0.376000	0.354749	
693	0.353535	163	0.312883	144	0.645833	2.102489	693	0.353535	0.389000	0.354791	
737	0.318860	122	0.270492	141	0.624113	2.102489	737	0.318860	0.356000	0.354793	
721	0.300971	123	0.333333	156	0.641026	2.102489	721	0.300971	0.358000	0.354797	
737	0.351425	126	0.317460	137	0.729927	2.102489	737	0.351425	0.399000	0.354852	
711	0.298172	147	0.319728	142	0.633803	2.102489	711	0.298172	0.349000	0.354844	
726	0.309917	140	0.314286	134	0.701493	2.102489	726	0.309917	0.363000	0.354855	
720	0.326389	165	0.345455	115	0.695652	2.102489	720	0.326389	0.372000	0.354876	
735	0.326531	131	0.312977	134	0.761194	2.102489	735	0.326531	0.383000	0.354911	
700	0.315714	146	0.253425	154	0.590909	2.102489	700	0.315714	0.349000	0.354903	
716	0.335196	147	0.306122	137	0.583942	2.102489	716	0.335196	0.365000	0.354916	
727	0.331499	144	0.243056	129	0.604651	2.102489	727	0.331499	0.354000	0.354915	
740	0.337838	133	0.315789	127	0.771654	2.102489	740	0.337838	0.390000	0.354958	
713	0.342216	147	0.333333	140	0.585714	2.102489	713	0.342216	0.375000	0.354982	
731	0.324213	147	0.278912	122	0.762295	2.102489	731	0.324213	0.371000	0.355002	
716	0.294693	149	0.328859	135	0.614815	2.102489	716	0.294693	0.343000	0.354987	
720	0.338889	145	0.324138	135	0.681481	2.102489	720	0.338889	0.383000	0.355022	
722	0.318560	149	0.255034	129	0.697674	2.102489	722	0.318560	0.358000	0.355025	
722	0.324100	141	0.340426	137	0.671533	2.102489	722	0.324100	0.374000	0.355048	
737	0.321574	156	0.301282	107	0.616822	2.102489	737	0.321574	0.350000	0.355042	
686	0.327988	168	0.291667	146	0.623288	2.102489	686	0.327988	0.365000	0.355054	
704	0.319602	165	0.272727	131	0.633588	2.102489	704	0.319602	0.353000	0.355052	
708	0.320621	140	0.335714	152	0.690789	2.102489	708	0.320621	0.379000	0.355081	
714	0.281513	139	0.294964	147	0.666667	2.102489	714	0.281513	0.340000	0.355063	
702	0.294872	150	0.300000	148	0.527027	2.102489	702	0.294872	0.330000	0.355032	
718	0.278552	138	0.326087	144	0.604167	2.102489	718	0.278552	0.332000	0.355004	
715	0.324476	141	0.319149	144	0.638889	2.102489	715	0.324476	0.369000	0.355021	
696	0.293103	155	0.316129	149	0.664430	2.102489	696	0.293103	0.352000	0.355018	
702	0.279202	150	0.286667	148	0.695946	2.102489	702	0.279202	0.342000	0.355002	
746	0.282842	120	0.275000	134	0.626866	2.102489	746	0.282842	0.328000	0.354969	
719	0.280946	154	0.337662	127	0.590551	2.102489	719	0.280946	0.329000	0.354938	
706	0.308782	146	0.253425	148	0.648649	2.102489	706	0.308782	0.351000	0.354933	
729	0.300412	144	0.270833	127	0.661417	2.102489	729	0.300412	0.342000	0.354918	
732	0.306011	135	0.237037	133	0.548872	2.102489	732	0.306011	0.329000	0.354887	
720	0.309722	145	0.337931	135	0.622222	2.102489	720	0.309722	0.356000	0.354888	
709	0.301834	161	0.291925	130	0.761538	2.102489	709	0.301834	0.360000	0.354894	
734	0.277929	120	0.308333	146	0.678082	2.102489	734	0.277929	0.340000	0.354877	
738	0.323848	127	0.362205	135	0.703704	2.102489	738	0.323848	0.380000	0.354906	
705	0.290780	160	0.231250	135	0.666667	2.102489	705	0.290780	0.332000	0.354879	
711	0.312236	164	0.237805	125	0.648000	2.102489	711	0.312236	0.342000	0.354864	
723	0.315353	150	0.246667	127	0.614173	2.102489	723	0.315353	0.343000	0.354850	
713	0.319776	150	0.280000	137	0.744526	2.102489	713	0.319776	0.372000	0.354870	
714	0.288515	150	0.240000	136	0.625000	2.102489	714	0.288515	0.327000	0.354837	
705	0.319149	158	0.246835	137	0.635036	2.102489	705	0.319149	0.351000	0.354833	
718	0.313370	144	0.291667	138	0.630435	2.102489	718	0.313370	0.354000	0.354832	
723	0.282158	140	0.271429	137	0.700730	2.102489	723	0.282158	0.338000	0.354812	
697	0.288379	145	0.241379	158	0.620253	2.102489	697	0.288379	0.334000	0.354787	
709	0.313117	154	0.279221	137	0.649635	2.102489	709	0.313117	0.354000	0.354786	
729	0.319616	138	0.210145	133	0.601504	2.102489	729	0.319616	0.342000	0.354771	
709	0.327221	145	0.310345	146	0.623288	2.102489	709	0.327221	0.368000	0.354787	
699	0.267525	142	0.274648	159	0.666667	2.102489	699	0.267525	0.332000	0.354760	
705	0.320567	145	0.358621	150	0.620000	2.102489	705	0.320567	0.371000	0.354779	
728	0.299451	138	0.318841	134	0.686567	2.102489	728	0.299451	0.354000	0.354778	
718	0.288301	147	0.265306	135	0.644444	2.102489	718	0.288301	0.333000	0.354753	
714	0.315126	138	0.275362	148	0.581081	2.102489	714	0.315126	0.349000	0.354746	
726	0.298898	130	0.292308	144	0.680556	2.102489	726	0.298898	0.353000	0.354744	
710	0.316901	158	0.341772	132	0.666667	2.102489	710	0.316901	0.367000	0.354758	
709	0.310296	127	0.275591	164	0.689024	2.102489	709	0.310296	0.368000	0.354773	
708	0.313559	143	0.321678	149	0.738255	2.102489	708	0.313559	0.378000	0.354801	
727	0.330124	135	0.266667	138	0.601449	2.102489	727	0.330124	0.359000	0.354805	
718	0.330084	134	0.238806	148	0.675676	2.102489	718	0.330084	0.369000	0.354822	
723	0.311203	136	0.250000	141	0.581560	2.102489	723	0.311203	0.341000	0.354806	
737	0.317503	129	0.279070	134	0.679104	2.102489	737	0.317503	0.361000	0.354813	
732	0.308743	127	0.299213	141	0.609929	2.102489	732	0.308743	0.350000	0.354807	
722	0.286704	122	0.311475	156	0.628205	2.102489	722	0.286704	0.343000	0.354794	
734	0.291553	144	0.284722	122	0.639344	2.102489	734	0.291553	0.333000	0.354769	
721	0.305132	134	0.268657	145	0.717241	2.102489	721	0.305132	0.360000	0.354775	
693	0.334776	156	0.288462	151	0.609272	2.102489	693	0.334776	0.369000	0.354791	
736	0.286685	141	0.283688	123	0.626016	2.102489	736	0.286685	0.328000	0.354760	
736	0.309783	131	0.297710	133	0.706767	2.102489	736	0.309783	0.361000	0.354767	
721	0.349515	126	0.293651	153	0.660131	2.102489	721	0.349515	0.390000	0.354808	
730	0.313699	132	0.295455	138	0.579710	2.102489	730	0.313699	0.348000	0.354800	
704	0.299716	157	0.343949	139	0.618705	2.102489	704	0.299716	0.351000	0.354796	
687	0.307132	153	0.267974	160	0.756250	2.102489	687	0.307132	0.373000	0.354817	
727	0.294360	154	0.292208	119	0.714286	2.102489	727	0.294360	0.344000	0.354804	
732	0.318306	143	0.335664	125	0.696000	2.102489	732	0.318306	0.368000	0.354819	
719	0.368567	140	0.314286	141	0.645390	2.102489	719	0.368567	0.400000	0.354871	
706	0.311615	152	0.322368	142	0.570423	2.102489	706	0.311615	0.350000	0.354865	
706	0.298867	150	0.233333	144	0.666667	2.102489	706	0.298867	0.342000	0.354851	
734	0.299728	138	0.253623	128	0.562500	2.102489	734	0.299728	0.327000	0.354819	
696	0.294540	150	0.346667	154	0.538961	2.102489	696	0.294540	0.340000	0.354802	
737	0.328358	121	0.247934	142	0.718310	2.102489	737	0.328358	0.374000	0.354824	
701	0.305278	141	0.241135	158	0.607595	2.102489	701	0.305278	0.344000	0.354812	
732	0.310109	140	0.335714	128	0.640625	2.102489	732	0.310109	0.356000	0.354813	
732	0.286885	144	0.361111	124	0.685484	2.102489	732	0.286885	0.347000	0.354804	
724	0.291436	135	0.303704	141	0.617021	2.102489	724	0.291436	0.339000	0.354786	
719	0.305981	130	0.330769	151	0.635762	2.102489	719	0.305981	0.359000	0.354791	
712	0.339888	133	0.240602	155	0.664516	2.102489	712	0.339888	0.377000	0.354816	
725	0.244138	150	0.346667	125	0.640000	2.102489	725	0.244138	0.309000	0.354765	
725	0.300690	139	0.302158	136	0.750000	2.102489	725	0.300690	0.362000	0.354773	
724	0.345304	152	0.309211	124	0.669355	2.102489	724	0.345304	0.380000	0.354801	
713	0.316971	137	0.321168	150	0.533333	2.102489	713	0.316971	0.350000	0.354796	
710	0.335211	138	0.318841	152	0.651316	2.102489	710	0.335211	0.381000	0.354825	
723	0.293223	135	0.333333	142	0.661972	2.102489	723	0.293223	0.351000	0.354821	
711	0.291139	146	0.321918	143	0.643357	2.102489	711	0.291139	0.346000	0.354811	
690	0.334783	154	0.272727	156	0.621795	2.102489	690	0.334783	0.370000	0.354828	
724	0.285912	138	0.282609	138	0.579710	2.102489	724	0.285912	0.326000	0.354796	
715	0.313287	136	0.301471	149	0.684564	2.102489	715	0.313287	0.367000	0.354809	
724	0.319061	139	0.338129	137	0.678832	2.102489	724	0.319061	0.371000	0.354827	
740	0.290541	135	0.355556	125	0.648000	2.102489	740	0.290541	0.344000	0.354815	
718	0.309192	136	0.205882	146	0.698630	2.102489	718	0.309192	0.352000	0.354812	
736	0.308424	139	0.374101	125	0.656000	2.102489	736	0.308424	0.361000	0.354819	
711	0.315049	136	0.323529	153	0.673203	2.102489	711	0.315049	0.371000	0.354837	
709	0.354020	140	0.271429	151	0.635762	2.102489	709	0.354020	0.385000	0.354870	
714	0.284314	132	0.318182	154	0.707792	2.102489	714	0.284314	0.354000	0.354869	
697	0.321377	158	0.246835	145	0.682759	2.102489	697	0.321377	0.362000	0.354877	
737	0.317503	142	0.316901	121	0.702479	2.102489	737	0.317503	0.364000	0.354887	
714	0.295518	136	0.382353	150	0.593333	2.102489	714	0.295518	0.352000	0.354884	
709	0.301834	148	0.378378	143	0.678322	2.102489	709	0.301834	0.367000	0.354897	
707	0.316832	151	0.291391	142	0.640845	2.102489	707	0.316832	0.359000	0.354902	
685	0.340146	160	0.250000	155	0.658065	2.102489	685	0.340146	0.375000	0.354924	
727	0.334250	140	0.285714	133	0.548872	2.102489	727	0.334250	0.356000	0.354925	
698	0.325215	148	0.358108	154	0.642857	2.102489	698	0.325215	0.379000	0.354951	
706	0.339943	149	0.201342	145	0.675862	2.102489	706	0.339943	0.368000	0.354966	
691	0.277858	167	0.197605	142	0.612676	2.102489	691	0.277858	0.312000	0.354919	
719	0.375522	134	0.179104	147	0.598639	2.102489	719	0.375522	0.382000	0.354948	
700	0.302857	140	0.292857	160	0.643750	2.102489	700	0.302857	0.356000	0.354949	
719	0.351878	138	0.268116	143	0.678322	2.102489	719	0.351878	0.387000	0.354984	
699	0.314735	164	0.243902	137	0.642336	2.102489	699	0.314735	0.348000	0.354977	
747	0.329317	124	0.241935	129	0.627907	2.102489	747	0.329317	0.357000	0.354979	
726	0.293388	131	0.274809	143	0.587413	2.102489	726	0.293388	0.333000	0.354955	
730	0.310959	140	0.321429	130	0.584615	2.102489	730	0.310959	0.348000	0.354948	
708	0.309322	154	0.266234	138	0.579710	2.102489	708	0.309322	0.340000	0.354931	
736	0.308424	133	0.345865	131	0.656489	2.102489	736	0.308424	0.359000	0.354936	
724	0.266575	128	0.312500	148	0.540541	2.102489	724	0.266575	0.313000	0.354890	
713	0.309958	137	0.313869	150	0.660000	2.102489	713	0.309958	0.363000	0.354899	
720	0.370833	136	0.264706	144	0.618056	2.102489	720	0.370833	0.392000	0.354939	
707	0.315417	142	0.225352	151	0.668874	2.102489	707	0.315417	0.356000	0.354940	
680	0.291176	163	0.233129	157	0.700637	2.102489	680	0.291176	0.346000	0.354931	
710	0.318310	134	0.276119	156	0.641026	2.102489	710	0.318310	0.363000	0.354939	
740	0.285135	130	0.323077	130	0.492308	2.102489	740	0.285135	0.317000	0.354899	
678	0.323009	146	0.376712	176	0.642045	2.102489	678	0.323009	0.387000	0.354933	
690	0.328986	150	0.293333	160	0.687500	2.102489	690	0.328986	0.381000	0.354961	
717	0.313808	150	0.280000	133	0.699248	2.102489	717	0.313808	0.360000	0.354966	
704	0.282670	141	0.241135	155	0.664516	2.102489	704	0.282670	0.336000	0.354946	
733	0.330150	133	0.225564	134	0.679104	2.102489	733	0.330150	0.363000	0.354955	
732	0.321038	129	0.279070	139	0.625899	2.102489	732	0.321038	0.358000	0.354958	
731	0.333789	119	0.294118	150	0.746667	2.102489	731	0.333789	0.391000	0.354996	
707	0.312588	129	0.224806	164	0.652439	2.102489	707	0.312588	0.357000	0.354999	
720	0.318056	142	0.253521	138	0.688406	2.102489	720	0.318056	0.360000	0.355004	
703	0.302987	159	0.295597	138	0.659420	2.102489	703	0.302987	0.351000	0.355000	
729	0.315501	141	0.411348	130	0.638462	2.102489	729	0.315501	0.371000	0.355017	
730	0.319178	125	0.320000	145	0.696552	2.102489	730	0.319178	0.374000	0.355037	
722	0.293629	140	0.321429	138	0.579710	2.102489	722	0.293629	0.337000	0.355018	
719	0.331015	139	0.352518	142	0.647887	2.102489	719	0.331015	0.379000	0.355043	
728	0.296703	149	0.322148	123	0.609756	2.102489	728	0.296703	0.339000	0.355026	
719	0.304590	145	0.337931	136	0.676471	2.102489	719	0.304590	0.360000	0.355031	
714	0.306723	150	0.346667	136	0.595588	2.102489	714	0.306723	0.352000	0.355028	
687	0.286754	163	0.245399	150	0.653333	2.102489	687	0.286754	0.335000	0.355007	
720	0.276389	144	0.236111	136	0.764706	2.102489	720	0.276389	0.337000	0.354988	
718	0.310585	149	0.228188	133	0.578947	2.102489	718	0.310585	0.334000	0.354966	
724	0.299724	145	0.337931	131	0.709924	2.102489	724	0.299724	0.359000	0.354970	
704	0.372159	152	0.328947	144	0.666667	2.102489	704	0.372159	0.408000	0.355026	
726	0.322314	153	0.267974	121	0.619835	2.102489	726	0.322314	0.350000	0.355021	
713	0.307153	161	0.198758	126	0.738095	2.102489	713	0.307153	0.344000	0.355009	
711	0.313643	145	0.317241	144	0.638889	2.102489	711	0.313643	0.361000	0.355015	
738	0.322493	135	0.385185	127	0.755906	2.102489	738	0.322493	0.386000	0.355048	
703	0.330014	157	0.210191	140	0.785714	2.102489	703	0.330014	0.375000	0.355069	
725	0.332414	136	0.213235	139	0.561151	2.102489	725	0.332414	0.348000	0.355061	
710	0.291549	155	0.270968	135	0.703704	2.102489	710	0.291549	0.344000	0.355050	
740	0.336486	137	0.343066	123	0.617886	2.102489	740	0.336486	0.372000	0.355067	
720	0.297222	161	0.316770	119	0.672269	2.102489	720	0.297222	0.345000	0.355057	
708	0.327684	161	0.310559	131	0.679389	2.102489	708	0.327684	0.371000	0.355073	
712	0.250000	141	0.375887	147	0.653061	2.102489	712	0.250000	0.327000	0.355044	
709	0.307475	151	0.231788	140	0.728571	2.102489	709	0.307475	0.355000	0.355044	
720	0.322222	136	0.323529	144	0.708333	2.102489	720	0.322222	0.378000	0.355068	
732	0.296448	137	0.313869	131	0.755725	2.102489	732	0.296448	0.359000	0.355072	
696	0.327586	166	0.283133	138	0.739130	2.102489	696	0.327586	0.377000	0.355095	
695	0.325180	153	0.254902	152	0.730263	2.102489	695	0.325180	0.376000	0.355116	
702	0.313390	142	0.183099	156	0.506410	2.102489	702	0.313390	0.325000	0.355085	
724	0.314917	135	0.185185	141	0.695035	2.102489	724	0.314917	0.351000	0.355081	
725	0.346207	130	0.238462	145	0.710345	2.102489	725	0.346207	0.385000	0.355112	
707	0.326733	154	0.207792	139	0.633094	2.102489	707	0.326733	0.351000	0.355108	
719	0.315716	139	0.309353	142	0.626761	2.102489	719	0.315716	0.359000	0.355112	
724	0.310773	136	0.257353	140	0.707143	2.102489	724	0.310773	0.359000	0.355116	
706	0.284703	143	0.377622	151	0.668874	2.102489	706	0.284703	0.356000	0.355116	
718	0.298050	129	0.341085	153	0.562092	2.102489	718	0.298050	0.344000	0.355105	
697	0.314204	149	0.261745	154	0.675325	2.102489	697	0.314204	0.362000	0.355112	
712	0.352528	131	0.351145	157	0.566879	2.102489	712	0.352528	0.386000	0.355144	
714	0.348739	145	0.241379	141	0.709220	2.102489	714	0.348739	0.384000	0.355173	
731	0.316005	138	0.275362	131	0.679389	2.102489	731	0.316005	0.358000	0.355176	
711	0.309423	139	0.237410	150	0.580000	2.102489	711	0.309423	0.340000	0.355161	
718	0.359331	121	0.256198	161	0.664596	2.102489	718	0.359331	0.396000	0.355202	
710	0.318310	150	0.300000	140	0.671429	2.102489	710	0.318310	0.365000	0.355212	
723	0.313970	133	0.263158	144	0.645833	2.102489	723	0.313970	0.355000	0.355212	
757	0.336856	139	0.302158	104	0.769231	2.102489	757	0.336856	0.377000	0.355234	
710	0.325352	136	0.345588	154	0.558442	2.102489	710	0.325352	0.364000	0.355243	
718	0.313370	138	0.384058	144	0.687500	2.102489	718	0.313370	0.377000	0.355265	
692	0.333815	146	0.321918	162	0.567901	2.102489	692	0.333815	0.370000	0.355280	
736	0.290761	142	0.359155	122	0.598361	2.102489	736	0.290761	0.338000	0.355262	
713	0.312763	153	0.202614	134	0.716418	2.102489	713	0.312763	0.350000	0.355257	
717	0.271967	147	0.306122	136	0.647059	2.102489	717	0.271967	0.328000	0.355229	
704	0.343750	144	0.243056	152	0.598684	2.102489	704	0.343750	0.368000	0.355242	
709	0.346968	142	0.260563	149	0.758389	2.102489	709	0.346968	0.396000	0.355283	
708	0.313559	160	0.256250	132	0.696970	2.102489	708	0.313559	0.355000	0.355283	
713	0.288920	148	0.351351	139	0.625899	2.102489	713	0.288920	0.345000	0.355273	
719	0.317107	147	0.272109	134	0.589552	2.102489	719	0.317107	0.347000	0.355264	
708	0.302260	144	0.319444	148	0.682432	2.102489	708	0.302260	0.361000	0.355270	
701	0.288160	160	0.275000	139	0.589928	2.102489	701	0.288160	0.328000	0.355243	
714	0.288515	154	0.285714	132	0.727273	2.102489	714	0.288515	0.346000	0.355234	
733	0.296044	141	0.312057	126	0.523810	2.102489	733	0.296044	0.327000	0.355205	
732	0.314208	123	0.268293	145	0.737931	2.102489	732	0.314208	0.370000	0.355220	
729	0.315501	129	0.317829	142	0.647887	2.102489	729	0.315501	0.363000	0.355228	
727	0.295736	144	0.263889	129	0.643411	2.102489	727	0.295736	0.336000	0.355209	
762	0.324147	120	0.183333	118	0.601695	2.102489	762	0.324147	0.340000	0.355194	
733	0.311050	119	0.327731	148	0.662162	2.102489	733	0.311050	0.365000	0.355203	
730	0.339726	129	0.217054	141	0.659574	2.102489	730	0.339726	0.369000	0.355217	
717	0.315202	136	0.279412	147	0.537415	2.102489	717	0.315202	0.343000	0.355205	
737	0.306649	137	0.291971	126	0.619048	2.102489	737	0.306649	0.344000	0.355194	
728	0.274725	128	0.343750	144	0.625000	2.102489	728	0.274725	0.334000	0.355173	
